0.000000000000000 
0.000000000000000 
0.000000000000000 
0.000000000000000 
0.000000000000000 
0.000000000000000 
0.000000000000000 
0.000000000000000 
0.000000000000000 
0.000000000000000 
0.000000000000000 
0.000000000000000 
0.000000000000000 
0.000000000000000 
0.000000000000000 
0.000000000000000 
0.000000000000000 
0.000000000000000 
0.000000000000000 
0.000000000000000 
0.000000000000000 
0.000000000000000 
0.000000000000000 
0.000000000000000 
0.000000000000000 
0.000000000000000 
0.000000000000000 
0.000000000000000 
0.000000000000000 
0.000000000000000 
0.000000000000000 
0.000000000000000 
0.000000000000000 
0.000000000000000 
0.000000000000000 
0.000000000000000 
0.000000000000000 
0.000000000000000 
0.000000000000000 
0.000000000000000 
0.000000000000000 
0.000000000000000 
0.000000000000000 
0.000000000000000 
0.000000000000000 
0.000000000000000 
0.000000000000000 
0.000000000000000 
0.000000000000000 
0.000000000000000 
0.000000000000000 
0.000000000000000 
0.000000000000000 
0.000000000000000 
0.000000000000000 
0.000000000000000 
0.000000000000000 
0.000000000000000 
0.000298278775687 
0.010024838494708 
0.020841729374167 
0.032856125694141 
0.046185238189452 
0.060957294724600 
0.077312263846863 
0.095404350730026 
0.115401404821544 
0.137487302881619 
0.161890262276373 
0.191599917466874 
0.229230250845698 
0.270698715602708 
0.316268804507868 
0.366864089292811 
0.422400887792079 
0.483267120324176 
0.550153579844560 
0.626457095224264 
0.712853369763243 
0.807376028496691 
0.911055094297928 
1.024251570995399 
1.147866973791440 
1.284205740660953 
1.435326057085478 
1.600158221480567 
1.779433165057496 
1.974057051167458 
2.186014757500699 
2.417909404894804 
2.669302159625923 
2.941036893722712 
3.234664232767950 
3.552611261943340 
3.895841324840074 
4.265265682337270 
4.662538013318436 
5.089587833600311 
5.547582912381547 
6.038026915832238 
6.562962872699341 
7.123969864048417 
7.722548888765089 
8.360664715379414 
9.040053502102658 
9.762612647190911 
10.530319581521475 
11.345196002621503 
12.209459709658976 
13.125289057045345 
14.094933829260519 
15.120755987671952 
16.205210311942846 
17.350858934326631 
18.560364740327280 
19.836498625481930 
21.182139756742082 
22.600278615934748 
24.094018937505751 
25.666579890460518 
27.321298529008057 
29.061658820405132 
30.891232657740105 
32.813708705632813 
34.832909346114441 
36.952790786017587 
39.177443988769056 
41.511095054195998 
43.958107719174151 
46.522986789301001 
49.210381295876644 
52.025087718293669 
54.972053335487956 
58.056379671676154 
61.283326018112518 
64.658313025411218 
68.186926365035958 
71.874920459298465 
75.728222278791492 
79.752935205498460 
83.955342959219905 
88.341913584568999 
92.919303495641998 
97.694361575556769 
102.674133328349839 
107.865865081176850 
113.277008235335359 
118.915223565260902 
124.788385565280691 
130.904586844499846 
137.272142570686810 
143.899594964386154 
150.795717844688937 
157.969521228112058 
165.430255981861507 
173.187418532389358 
181.250755629556068 
189.630269165904508 
198.336221049472840 
207.379138127577619 
216.769817155178828 
226.519329801036974 
236.639027694702406 
247.140547476977304 
258.035815852990652 
269.337054620686274 
281.056785614628552 
293.207835152092059 
305.803339905071937 
318.856750423530002 
332.381835612852512 
346.392686510786632 
360.903719494736606 
375.929678729910734 
391.485637615449605 
407.586998917583344 
424.249493191698036 
441.489174983001476 
459.322416149878677 
477.765895462966114 
496.836583378745615 
516.551720542275234 
536.928788098424207 
557.985467219781412 
579.739584286485865 
602.209036708742701 
625.411692221264047 
649.365250709322027 
674.087052633752819 
699.593808726107113 
725.901209536372221 
753.023345421662498 
780.971814888859626 
809.754296146379374 
839.372143062767236 
869.816093710474206 
901.058051985734664 
933.034000938595000 
965.605046725364673 
998.310261099664899 
0.663762163787398 
0.663762163787467 
0.663762163796290 
0.663762163939338 
0.663762164925669 
0.663762169215101 
0.663762183235839 
0.663762221002720 
0.663762309486198 
0.663762496082266 
0.663762858533427 
0.663763517650892 
0.663764653188163 
0.663766523216171 
0.663769487350159 
0.663774034178531 
0.663780813243950 
0.663790671927053 
0.663804697583273 
0.663824265283482 
0.663851091509468 
0.663887294155656 
0.663935459189129 
0.663998714320801 
0.664080810041715 
0.664186208379971 
0.664320179735707 
0.664488908154189 
0.664699605400303 
0.664960634201976 
0.665281641035327 
0.665673698830900 
0.666149459988489 
0.666724550862698 
0.667415213163255 
0.668239165936456 
0.669217201129015 
0.670372632653341 
0.671731520783307 
0.673322910006426 
0.675179080871271 
0.677335816403247 
0.679832683700232 
0.682713331361734 
0.686025803450893 
0.689822870737145 
0.694162380017487 
0.699107622364717 
0.704727721199426 
0.711098041126420 
0.718300618511993 
0.726424614802034 
0.735566793587334 
0.745878623784663 
0.757434428957107 
0.770355720505369 
0.784775529270241 
0.800837302286072 
0.818722183192959 
0.838617170894904 
0.860660431246267 
0.885044169345683 
0.912028457762129 
0.941814082625044 
0.974611212056715 
1.010782914040519 
1.050536638682183 
1.094174296713943 
1.142068469794955 
1.194511690484840 
1.252110583707249 
1.315036203922411 
1.383894390058783 
1.458938881435808 
1.540629816546286 
1.629589324591816 
1.726234598687659 
1.831248719004075 
1.945192045453292 
2.068631789019336 
2.202259122356176 
2.347001057165386 
2.503361362339025 
2.672126003329127 
2.854126504481578 
3.050200546235824 
3.261391642544004 
3.488565158718513 
3.732667013134141 
3.994718891301485 
4.275818435426124 
4.577130588715369 
4.899871427785878 
5.245266173798116 
5.614602068450454 
6.009154363355051 
6.430328868991999 
6.879568670369746 
7.358387073143618 
7.868369197563853 
8.411149815149169 
8.988418928328443 
9.601940671866029 
10.253547558870586 
10.945138318523307 
11.678688483459862 
12.456248604273860 
13.279947741027769 
14.151993778926354 
15.074669470278515 
16.050342288176918 
17.081467466313111 
18.170589166265223 
19.320345507926596 
20.533470056355384 
21.812795512183435 
23.161255888811898 
24.581889494179741 
26.077841689225341 
27.652368265602227 
29.308838350385855 
31.050736558666621 
32.881662383637419 
34.805336765148212 
36.825605726013627 
38.946442633036099 
41.171950297677192 
43.506364872686902 
45.954059390749912 
48.519546762675276 
51.207483119310119 
54.022671284740539 
56.970064263942035 
60.054768775373041 
63.282048839416255 
66.657329426471478 
70.186200166121097 
73.874419117550147 
77.727916600566928 
81.752799085966728 
85.955353143570093 
90.342049446037464 
94.919546826512601 
99.694696388253945 
104.674545664670362 
109.866342828537086 
115.277540949609801 
120.915802300328863 
126.789002709770330 
132.905235966425039 
139.272818270721103 
145.900292738435894 
152.796433956229720 
159.970252590475582 
167.431000050322069 
175.188173205521764 
183.251519158938549 
191.631040072819502 
200.336998046822202 
209.379920044375581 
218.770602862350188 
228.520118137727877 
238.639817380560089 
249.141337015165419 
260.036603415697982 
271.337837908817846 
283.057561709517529 
295.208600765827839 
307.804090493324168 
320.857480139689017 
334.382536936398026 
348.393349779883806 
362.904332319081391 
377.930225254331845 
393.486097597918160 
409.587346576705613 
426.249695767900391 
443.489190943658457 
461.322192950354633 
479.765366751116517 
498.835665497016123 
518.550308134748093 
538.926748563052229 
559.982633647719013 
581.735746384771119 
604.203928975833378 
627.404978194395881 
651.356501668906958 
676.075718109585750 
701.579174375712341 
727.882334980376640 
754.998968880603343 
782.940200128269680 
811.712973323604047 
841.317440478982348 
871.742219402405681 
902.955082171362392 
934.882707742955517 
967.360349836785872 
1000.000000000000000 
0.000000000000000 
0.000000000000000 
0.000000000000000 
0.000000000000000 
0.000000000000000 
0.000000000000000 
0.000000000000000 
0.000000000000000 
0.000000000000000 
0.000000000000000 
0.000000000000000 
0.000000000000000 
0.000000000000000 
0.000000000000000 
0.000000000000000 
0.000000000000000 
0.000000000000000 
0.000000000000000 
0.000000000000000 
0.000000000000000 
0.000000000000000 
0.000000000000000 
0.000000000000000 
0.000000000000000 
0.000000000000000 
0.000000000000000 
0.000000000000000 
0.000000000000000 
0.000000000000000 
0.000000000000000 
0.000000000000000 
0.000000000000000 
0.000000000000000 
0.000000000000000 
0.000000000000000 
0.000000000000000 
0.000000000000000 
0.000000000000000 
0.000000000000000 
0.000000000000000 
0.000000000000000 
0.000000000000000 
0.000000000000000 
0.000000000000000 
0.000000000000000 
0.000000000000000 
0.000000000000000 
0.000000000000000 
0.000000000000000 
0.000000000000000 
0.000000000000000 
0.000000000000000 
0.000000000000000 
0.000000000000000 
0.000000000000000 
0.000000000000000 
0.000000000000000 
0.000000000000000 
0.000000000000000 
0.003198480251559 
0.013909910457332 
0.025802410886307 
0.038990330522920 
0.053598810835037 
0.069764682987213 
0.087636510948526 
0.107377428587817 
0.129165757591423 
0.153197597556461 
0.179765284816435 
0.212954506813055 
0.253796739615365 
0.298666721042016 
0.347993506470397 
0.402561439857024 
0.462420318844801 
0.527946184672555 
0.599684898400725 
0.681737607218925 
0.774502732842416 
0.875804141747721 
0.986618245456481 
1.107599792056134 
1.239494921458234 
1.384637445894111 
1.545369195607576 
1.720681696034845 
1.911201077538877 
2.117851964956977 
2.342444167333833 
2.587575153374831 
2.853694003614131 
3.141179390346317 
3.451429137839206 
3.786761945334109 
4.148740867483985 
4.538186463947679 
4.956724274443975 
5.406291989604448 
5.888346801108479 
6.404288708353379 
6.956044728994828 
7.545395040739074 
8.174270928144933 
8.844322121808148 
9.557518174169555 
10.315841592746581 
11.121281589657720 
11.975979219800301 
12.882109387882068 
13.841956906502640 
14.858001518349552 
15.932625871297247 
17.068391655067625 
18.267913619531917 
19.533942302342425 
20.869320590540493 
22.277010173710345 
23.760082889454381 
25.321726632001386 
26.965246191134902 
28.694066638346371 
30.511735714282665 
32.421926574458602 
34.428440689711813 
36.535230158216066 
38.746360543263108 
41.066016974841979 
43.498526849139878 
46.048361991592515 
48.720140068847314 
51.518626535622218 
54.448737551028479 
57.515543182888493 
60.724270766860272 
64.080308373684304 
67.589208367457985 
71.256691048322566 
75.088648376340956 
79.091147774056594 
83.270436004980326 
87.632943124755485 
92.185286501293234 
96.934274899877067 
101.886912629169643 
107.050403744221683 
112.432156302979422 
118.039786673380974 
123.881123888868387 
129.964214050971975 
136.297324778476565 
142.888949703495001 
149.747813015503880 
156.882874054989060 
164.303331958780490 
172.018630359418864 
180.038462140975412 
188.372774253668950 
197.031772589396326 
206.025926919927315 
215.365975899057304 
225.062932129423871 
235.128087294018854 
245.573017351619853 
256.409587794389722 
267.649958964709811 
279.306591426783825 
291.392251386609473 
303.920016151312836 
316.903279615409645 
330.355757756925698 
344.291494120065011 
358.724865252715517 
373.670586055713841 
389.143714985462339 
405.159659030798366 
421.734178357006556 
438.883390471924372 
456.623773717428946 
474.972169818809220 
493.945785126794078 
513.562190050347226 
533.839315984688483 
554.795448759860278 
576.449217227776899 
598.819574784289330 
621.925772375832935 
645.787316044678960 
670.423902645592307 
695.855323675600744 
722.101316731415409 
749.181330499052024 
777.114139489450622 
805.917182136867950 
835.605353091307961 
866.188623231558950 
897.666856068059360 
930.016849907281312 
963.150033754304559 
996.640719668077736 
0.693922975990900 
0.693922975990969 
0.693922975999698 
0.693922976141224 
0.693922977117062 
0.693922981360858 
0.693922995232428 
0.693923032597502 
0.693923120139596 
0.693923304750452 
0.693923663345459 
0.693924315450506 
0.693925438906678 
0.693927289039253 
0.693930221637464 
0.693934720091514 
0.693941427033384 
0.693951180828062 
0.693965057261944 
0.693984416775332 
0.694010957586253 
0.694046775053193 
0.694094427624912 
0.694157009726252 
0.694238231929895 
0.694342508765386 
0.694475054518597 
0.694641987377098 
0.694850442280021 
0.695108692834800 
0.695426282668064 
0.695814166584020 
0.696284861911141 
0.696852610427116 
0.697533551263161 
0.698345905202088 
0.699310170800484 
0.700449332784095 
0.701789083187510 
0.703358055734702 
0.705188073986195 
0.707314413811793 
0.709776080784921 
0.712616103135787 
0.715881840945246 
0.719625312309140 
0.723903537252944 
0.728778900227457 
0.734319532066350 
0.740617493472725 
0.747745080357365 
0.755784342680931 
0.764830983020560 
0.774988711517531 
0.786369766213523 
0.799095459675604 
0.813304404337003 
0.829194808447005 
0.846861906159851 
0.866469986758957 
0.888195604644192 
0.912292223239598 
0.938926678524885 
0.968297118695785 
1.000703080363915 
1.036396117358661 
1.075586734150713 
1.118685245554116 
1.165896202658178 
1.217644810064156 
1.274242787392435 
1.336270293715282 
1.404046363747519 
1.478112360918242 
1.558723725908549 
1.646498276194837 
1.741872283248506 
1.845418338815224 
1.957893717161916 
2.079717813852769 
2.211559517880158 
2.354295893271804 
2.508644523443784 
2.675288496386381 
2.855017507044969 
3.048650952644990 
3.257223946683311 
3.481569692199214 
3.722711596562681 
3.981676923026998 
4.259520264803793 
4.557366788159896 
4.876436131272098 
5.218021685724610 
5.583317998928944 
5.973618353350712 
6.390324571563375 
6.834900392652465 
7.308851394177504 
7.813739494045446 
8.351204394817557 
8.922955258240565 
9.530759073881105 
10.176442906478258 
10.861898184875104 
11.589098209686389 
12.360086165849854 
13.176981332531710 
14.041986630699938 
14.957385304942354 
15.925549905403440 
16.948939844744935 
18.030084600896540 
19.171612987582385 
20.376242479559380 
21.646791832114321 
22.986178640281857 
24.397424676673637 
25.883654669358606 
27.448103675942804 
29.094119118320901 
30.825163699539331 
32.644818588975703 
34.556786771835718 
36.564895127942535 
38.673099602617512 
40.885479141834857 
43.206243315809317 
45.639739741729244 
48.190455409216412 
50.863019560873553 
53.662207380622434 
56.592943490602408 
59.660305438274392 
62.869527229495979 
66.226002921815365 
69.735290282733615 
73.403114514752232 
77.235372047605949 
81.238134397109931 
85.417652089277198 
89.780358647750120 
94.332874642141846 
99.082011794624975 
104.034777142046508 
109.198377250976705 
114.580222483421096 
120.187931311387359 
126.029334679074680 
132.112480412094158 
138.445637673778492 
145.037301469256874 
151.896197198510436 
159.031285260054744 
166.451765707199826 
174.167082958999430 
182.186930568025218 
190.521256046995603 
199.180265756053245 
208.174429852146233 
217.514487301535041 
227.211450955892474 
237.276612691822038 
247.721548612828883 
258.558124311809252 
269.798500190921516 
281.455136834130997 
293.540800425710586 
306.068568205261840 
319.051833946241004 
332.504313440130773 
346.440049961880618 
360.873419683477607 
375.819136990665356 
391.292259641880548 
407.308193686962625 
423.882698034092300 
441.031888514009381 
458.772241236897344 
477.120594963757299 
496.094152112429242 
515.710477876053346 
535.987496729705754 
556.943485309408061 
578.597060224654797 
600.967158795959222 
624.073010210041502 
647.934090721419011 
672.570056376823914 
698.000641804897441 
724.245503675528653 
751.323972539816282 
779.254644936824889 
808.054680761950749 
837.738518970455630 
868.315349075816130 
899.783646237518042 
932.117798999586398 
965.225102699834451 
998.622463782814066 
0.000000000000000 
0.000000000000000 
0.000000000000000 
0.000000000000000 
0.000000000000000 
0.000000000000000 
0.000000000000000 
0.000000000000000 
0.000000000000000 
0.000000000000000 
0.000000000000000 
0.000000000000000 
0.000000000000000 
0.000000000000000 
0.000000000000000 
0.000000000000000 
0.000000000000000 
0.000000000000000 
0.000000000000000 
0.000000000000000 
0.000000000000000 
0.000000000000000 
0.000000000000000 
0.000000000000000 
0.000000000000000 
0.000000000000000 
0.000000000000000 
0.000000000000000 
0.000000000000000 
0.000000000000000 
0.000000000000000 
0.000000000000000 
0.000000000000000 
0.000000000000000 
0.000000000000000 
0.000000000000000 
0.000000000000000 
0.000000000000000 
0.000000000000000 
0.000000000000000 
0.000000000000000 
0.000000000000000 
0.000000000000000 
0.000000000000000 
0.000000000000000 
0.000000000000000 
0.000000000000000 
0.000000000000000 
0.000000000000000 
0.000000000000000 
0.000000000000000 
0.000000000000000 
0.000000000000000 
0.000000000000000 
0.000000000000000 
0.000000000000000 
0.000000000000000 
0.000000000000000 
0.000000000000000 
0.000000000000000 
0.007998481463399 
0.019804383810534 
0.032892341138237 
0.047384659248323 
0.063415128449440 
0.081129951959541 
0.100688460400838 
0.122265952040723 
0.146052201918158 
0.172255232613296 
0.201157132857497 
0.239866482840792 
0.284225487952660 
0.332896044836416 
0.386481653673533 
0.445558737202247 
0.510263775079197 
0.581020104105307 
0.658456851677505 
0.748234425907733 
0.848076767551570 
0.957057196771500 
1.076074040748203 
1.205856542330388 
1.347301687433502 
1.503148860415006 
1.675257774962571 
1.862546099459110 
2.065922470228900 
2.286346326161838 
2.525830832418889 
2.786864939835060 
3.069686729690996 
3.375181637282896 
3.704637544867409 
4.060401639939064 
4.444007719752024 
4.856361585299040 
5.299264558786456 
5.774706998891164 
6.284137402749806 
6.829034351031199 
7.411403026513463 
8.033075927116830 
8.695827309021041 
9.401879002356589 
10.152958446985931 
10.951136506441687 
11.798600482349409 
12.697455653315942 
13.650014364774078 
14.658614240837579 
15.725709690430689 
16.853931485107310 
18.045894315458348 
19.304317087321074 
20.632027481295200 
22.031962952012158 
23.507180643450560 
25.060851096638288 
26.696253153412599 
28.416787945156578 
30.225979225792500 
32.127476645138927 
34.125060368834852 
36.222640333286002 
38.424258135763480 
40.734090393378587 
43.156462252294439 
45.695842498356640 
48.356819135671046 
51.144131710686324 
54.062672050079541 
57.117486645267675 
60.313779591362447 
63.656915786776651 
67.152424297959300 
70.806001852264174 
74.623516441737166 
78.611011027936470 
82.774707340768060 
87.121009765468443 
91.656509312311925 
96.387987663782454 
101.322421294036303 
106.466985655599984 
111.829059428477009 
117.416228827213871 
123.236291962015315 
129.297263250698819 
135.607377879092894 
142.175096308381228 
149.009108828809474 
156.118340160043374 
163.511954099245656 
171.199358218582120 
179.190208614333159 
187.494414710076342 
196.122144116507087 
205.083827550386474 
214.390163814883891 
224.052124843211885 
234.080960806973337 
244.488205290063178 
255.285680528272337 
266.485502713954759 
278.100087364158014 
290.142154749470308 
302.624735379398260 
315.561175538227928 
328.965142862918412 
342.850631951352113 
357.231969984980367 
372.123822344138830 
387.541198186537372 
403.499455948995546 
420.014308718377606 
437.101829398705036 
454.778455575720614 
473.060993945349992 
491.966624125069870 
511.512901602067359 
531.717759481864164 
552.599508574635934 
574.176835177393059 
596.468795645507043 
619.494806676895337 
643.274629150970895 
667.828342633118154 
693.176306402751152 
719.339099975697081 
746.337431419480254 
774.191992965139434 
802.923225816069476 
832.550918312975682 
863.093473447768474 
894.566452126878062 
926.979296757442853 
960.325876294622049 
994.529923320175158 
0.724975027227081 
0.724975027227149 
0.724975027235760 
0.724975027375378 
0.724975028338061 
0.724975032524649 
0.724975046209224 
0.724975083070600 
0.724975169432586 
0.724975351554802 
0.724975705315783 
0.724976348630156 
0.724977456941628 
0.724979282133584 
0.724982175199079 
0.724986613012045 
0.724993229541608 
0.725002851851456 
0.725016541226371 
0.725035639768215 
0.725061822803943 
0.725097157448650 
0.725144167667222 
0.725205906178974 
0.725286033550739 
0.725388904825329 
0.725519664034183 
0.725684346945531 
0.725889992402577 
0.726144762610278 
0.726458072734421 
0.726840730183068 
0.727305083948336 
0.727865184396105 
0.728536953902961 
0.729338368753728 
0.730289652729745 
0.731413482837803 
0.732735207652897 
0.734283078774818 
0.736089514187509 
0.738200803165081 
0.740645028461230 
0.743464905484740 
0.746707448147782 
0.750424292034552 
0.754672035057879 
0.759512596411267 
0.765013594674038 
0.771248745975389 
0.778298283166299 
0.786249396983183 
0.795196700209735 
0.805242715848811 
0.816527095011325 
0.829186448271667 
0.843313345634518 
0.859048152555901 
0.876542038753404 
0.895964248169862 
0.917545061391083 
0.941416454230423 
0.967780057158920 
0.996909015211656 
1.029053420985747 
1.064396096271488 
1.103280945582088 
1.145976636669096 
1.192755896991173 
1.244054088903916 
1.300092540508209 
1.361490163534528 
1.428446555275393 
1.501814075127402 
1.581678017485877 
1.668631232294483 
1.763168556051992 
1.865748489598016 
1.977153373515123 
2.097888102009021 
2.228553268160199 
2.369906627467195 
2.522803117119946 
2.687942583732037 
2.866104164178030 
3.058049238764927 
3.264812088285675 
3.487221986008977 
3.726275766625046 
3.983035211099372 
4.258583209388563 
4.554018034772708 
4.870525586338204 
5.209386502792296 
5.571807932419842 
5.959108012946776 
6.372657624825568 
6.813912990800333 
7.284397039274722 
7.785675311737485 
8.319365663066206 
8.887166286396791 
9.490853344473784 
10.132258189442743 
10.813283506293136 
11.535909643050068 
12.302160085286426 
13.114156651445763 
13.974101244703016 
14.884263268973246 
15.847009754878554 
16.864787839506612 
17.940138072442778 
19.075704698207389 
20.274200337901121 
21.538433076421327 
22.871313892105285 
24.275885735908759 
25.755236365332571 
27.312580053721064 
28.951250847420425 
30.674697872733979 
32.486487578572955 
34.390312634030039 
36.389982481873936 
38.489431174378062 
40.692723240827192 
43.004055428012293 
45.427765829078062 
47.968329773447536 
50.630358731192793 
53.418608615188091 
56.337984312154042 
59.393543292739530 
62.590499102841221 
65.934224888761861 
69.430256988091358 
73.084298593497167 
76.902223490759894 
80.890079870593823 
85.054094212951838 
89.400675241941485 
93.936417949009154 
98.668107681667465 
103.602724294769857 
108.747446361203657 
114.109655438906316 
119.696940391308203 
125.517101758678308 
131.578156178361837 
137.888340852520884 
144.456118062677291 
151.290179731059538 
158.399452029419280 
165.793100036566642 
173.480532446355028 
181.471406328165074 
189.775631942139341 
198.403377611444199 
207.365074653733700 
216.671422373764358 
226.333393118751985 
236.362237397623517 
246.769489064766191 
257.566970568222587 
268.766798261515419 
280.381387777337466 
292.423459460190372 
304.906043853588073 
317.842487235518945 
331.246457193381275 
345.131948226245072 
359.513287357855120 
374.405139737790932 
389.822514200151033 
405.780768738311053 
422.295615839696666 
439.383127604886567 
457.059740548799880 
475.342259945726425 
494.247863530947370 
513.794104304349048 
533.998912088075258 
554.880593359266641 
576.457828693372676 
598.749666893129984 
621.775514672500776 
645.555119589781384 
670.108543296862990 
695.456120764623847 
721.618398052224620 
748.616036291016599 
776.469660171958026 
805.199610399052517 
834.825519045174701 
865.365531710516507 
896.834752100261085 
929.241722818176981 
962.578143507236405 
996.756997908772746 
0.000000000000000 
0.000000000000000 
0.000000000000000 
0.000000000000000 
0.000000000000000 
0.000000000000000 
0.000000000000000 
0.000000000000000 
0.000000000000000 
0.000000000000000 
0.000000000000000 
0.000000000000000 
0.000000000000000 
0.000000000000000 
0.000000000000000 
0.000000000000000 
0.000000000000000 
0.000000000000000 
0.000000000000000 
0.000000000000000 
0.000000000000000 
0.000000000000000 
0.000000000000000 
0.000000000000000 
0.000000000000000 
0.000000000000000 
0.000000000000000 
0.000000000000000 
0.000000000000000 
0.000000000000000 
0.000000000000000 
0.000000000000000 
0.000000000000000 
0.000000000000000 
0.000000000000000 
0.000000000000000 
0.000000000000000 
0.000000000000000 
0.000000000000000 
0.000000000000000 
0.000000000000000 
0.000000000000000 
0.000000000000000 
0.000000000000000 
0.000000000000000 
0.000000000000000 
0.000000000000000 
0.000000000000000 
0.000000000000000 
0.000000000000000 
0.000000000000000 
0.000000000000000 
0.000000000000000 
0.000000000000000 
0.000000000000000 
0.000000000000000 
0.000000000000000 
0.000000000000000 
0.000000000000000 
0.000000000000000 
0.002803340872860 
0.014544166385679 
0.027556284360411 
0.041960777922086 
0.057889327113404 
0.075485858422637 
0.094907158041871 
0.116323859127890 
0.139922708131384 
0.165907964726321 
0.194503647199545 
0.227897221703112 
0.271882028601487 
0.320103370270291 
0.372984683590952 
0.431304012694004 
0.495360046698933 
0.565399290677743 
0.641918467594921 
0.726743679704384 
0.824937823543146 
0.932588635564778 
1.050062436312925 
1.178174799593561 
1.317713305723793 
1.469983374832234 
1.638106239812053 
1.822883390934276 
2.023468527060523 
2.241079033580453 
2.476809445510313 
2.733055167099598 
3.011864336024940 
3.313289227966157 
3.638673787360142 
3.989429712739418 
4.367943871606964 
4.775524212165568 
5.213232289431558 
5.682946594225724 
6.186950640531968 
6.726478451839306 
7.303120271990712 
7.919026927979029 
8.576057755707454 
9.275938740627582 
10.021111869631193 
10.813408995856467 
11.654859019842435 
12.547810764259440 
13.494426263834663 
14.497083171014287 
15.558225252231434 
16.680374632514109 
17.866183801378668 
19.118506951703605 
20.440082257686349 
21.833876468061163 
23.302888740247553 
24.850285054254112 
26.479318718202819 
28.193378024775953 
29.995967969642063 
31.890722033810569 
33.881401871153628 
35.971900496628557 
38.166243546768015 
40.468592092211082 
42.883245381509830 
45.414645152273700 
48.067378208777953 
50.846195095430353 
53.755975274680154 
56.801742312708072 
59.988680407843468 
63.322135677814217 
66.807618781539674 
70.450808087577670 
74.257553110914102 
78.233878113076912 
82.385985823378149 
86.720261262571142 
91.243275659028228 
95.961790450773378 
100.882761367818034 
106.013342589594032 
111.360890972419668 
116.932970342097434 
122.737355847029846 
128.782038367694696 
135.075228978936849 
141.625363462290949 
148.441106866408717 
155.531358114565478 
162.905254659104799 
170.572177183505261 
178.541754353445697 
186.823867618800250 
195.428656068865024 
204.366521343306573 
213.648132601348550 
223.284431551556679 
233.286637544300163 
243.666252728556060 
254.435067274195433 
265.605164660277751 
277.188927029135073 
289.199040605169159 
301.648501176244622 
314.550619634268685 
327.919027569937043 
341.767682914512420 
356.110875618740465 
370.963233355343050 
386.339727226606442 
402.255677452010332 
418.726759001981009 
435.769007131948854 
453.398822754866842 
471.632977568700596 
490.488618826152219 
509.983273594076365 
530.134852295604219 
550.961651252819138 
572.482353843137844 
594.716029735855045 
617.682131515032779 
641.400487592290688 
665.891289803271547 
691.175073392363629 
717.272685827712280 
744.205238722946888 
771.994033279243922 
800.660442316478907 
830.225717015339569 
860.710653520610549 
892.134974088685453 
924.516049775405691 
957.865636668817842 
992.174070922990381 
0.755389777735336 
0.755389777735404 
0.755389777744016 
0.755389777883644 
0.755389778846395 
0.755389783033277 
0.755389796718818 
0.755389833582793 
0.755389919950870 
0.755390102085928 
0.755390455871855 
0.755391099231589 
0.755392207621201 
0.755394032941817 
0.755396926211185 
0.755401364336743 
0.755407981332040 
0.755417604318512 
0.755431294654645 
0.755450394534773 
0.755476579400021 
0.755511916504188 
0.755558929977940 
0.755620672735314 
0.755700805567486 
0.755803683769976 
0.755934451651127 
0.756099145271763 
0.756304803768728 
0.756559589618414 
0.756872918200830 
0.757255597030146 
0.757719975024434 
0.758280102195589 
0.758951900150374 
0.759753343805674 
0.760704654735382 
0.761828506583406 
0.763150242997257 
0.764698108559934 
0.766503493224528 
0.768601190786531 
0.771029671963111 
0.773831372687021 
0.777052998264751 
0.780745844094126 
0.784966133684777 
0.789775374775081 
0.795240734389722 
0.801435433731131 
0.808439163843271 
0.816355610041284 
0.825276758376475 
0.835293216740548 
0.846515542086520 
0.859063213711398 
0.873065195699225 
0.888660526863557 
0.906054525548073 
0.925385266949971 
0.946802457054662 
0.970492666920104 
0.996710257667699 
1.025676651036569 
1.057570177330184 
1.092688894220897 
1.131350197910340 
1.173741235947236 
1.220264670946563 
1.271180397433748 
1.326907425429717 
1.387821342970120 
1.454366024582765 
1.526975546935029 
1.606280930479751 
1.692585446486458 
1.786504024478325 
1.888416543393939 
1.998997595076724 
2.118928649107095 
2.248715828395998 
2.389050455940658 
2.540869892570045 
2.704851010827189 
2.881782580212229 
3.072485123734239 
3.277853671853409 
3.498820910851171 
3.736311328848816 
3.991387893840861 
4.265156556514220 
4.558745518434376 
4.873300743160821 
5.210092191169879 
5.570312602167527 
5.955305916211309 
6.366446732651820 
6.805164266209282 
7.272972780116105 
7.771461604124664 
8.302257962954197 
8.867033385127176 
9.467552178183521 
10.105661187006863 
10.783256490519825 
11.502308485618270 
12.264886402572005 
13.073088231457087 
13.929099596646427 
14.835212376703593 
15.793773223690565 
16.807230421300787 
17.878162188106678 
19.009181449887599 
20.202978805893263 
21.462393438476457 
22.790305346640302 
24.189734386481376 
25.663779228088082 
27.215654185557327 
28.848683681768371 
30.566307977370453 
32.372083818143160 
34.269690326277164 
36.262927940155748 
38.355721642754304 
40.552125334212406 
42.856324924727581 
45.272643512315241 
47.805543051714508 
50.459625809202734 
53.239640330403567 
56.150480868233565 
59.197191033208831 
62.384969211219328 
65.719172799031782 
69.205321966776367 
72.849103346274575 
76.656373751304614 
80.633163959562012 
84.785682564660618 
89.120319899930820 
93.643652033395057 
98.362444832195337 
103.283658094102577 
108.414449743309945 
113.762180087475144 
119.334416132905545 
125.138935954895260 
131.183733120512699 
137.477021161582059 
144.027238096169782 
150.843050997548119 
157.933360610295637 
165.307306013869407 
172.974269334611222 
180.943880507664119 
189.226022090681539 
197.830834131466077 
206.768719091784249 
216.050346829582395 
225.686659641656263 
235.688877368552170 
246.068502563086696 
256.837325723378740 
268.007430590705894 
279.591199511780871 
291.601318864203108 
304.050784542802148 
316.952907503279391 
330.321319357899483 
344.169978015805782 
358.513173357661401 
373.365532930521283 
388.742027643716710 
404.657977439724448 
421.129056904791696 
438.171300771768870 
455.801109251014395 
474.035253102849083 
492.890878334797890 
512.385510365700384 
532.537057442447122 
553.363813017279995 
574.884456685147029 
597.118053129456030 
620.084048366575189 
643.802262121814920 
668.292874671279947 
693.576405768227346 
719.673681912817756 
746.605785936338407 
774.393978760637424 
803.059575334948818 
832.623740673765724 
863.107136242628712 
894.529259294237249 
926.907067568938828 
960.251408890975654 
994.549097639767979 
0.000000000000000 
0.000000000000000 
0.000000000000000 
0.000000000000000 
0.000000000000000 
0.000000000000000 
0.000000000000000 
0.000000000000000 
0.000000000000000 
0.000000000000000 
0.000000000000000 
0.000000000000000 
0.000000000000000 
0.000000000000000 
0.000000000000000 
0.000000000000000 
0.000000000000000 
0.000000000000000 
0.000000000000000 
0.000000000000000 
0.000000000000000 
0.000000000000000 
0.000000000000000 
0.000000000000000 
0.000000000000000 
0.000000000000000 
0.000000000000000 
0.000000000000000 
0.000000000000000 
0.000000000000000 
0.000000000000000 
0.000000000000000 
0.000000000000000 
0.000000000000000 
0.000000000000000 
0.000000000000000 
0.000000000000000 
0.000000000000000 
0.000000000000000 
0.000000000000000 
0.000000000000000 
0.000000000000000 
0.000000000000000 
0.000000000000000 
0.000000000000000 
0.000000000000000 
0.000000000000000 
0.000000000000000 
0.000000000000000 
0.000000000000000 
0.000000000000000 
0.000000000000000 
0.000000000000000 
0.000000000000000 
0.000000000000000 
0.000000000000000 
0.000000000000000 
0.000000000000000 
0.000000000000000 
0.000000000000000 
0.000000000000000 
0.000000000000000 
0.000000000000000 
0.000509027499395 
0.015282984797549 
0.031713200081641 
0.049978886371607 
0.070280349640569 
0.092838694184159 
0.117902339550911 
0.145753900918006 
0.176733371689933 
0.212996896271415 
0.253512718366523 
0.298634584876640 
0.353849163057513 
0.419021424726098 
0.490927546270696 
0.570503813643422 
0.659305569814969 
0.757898930520295 
0.867292926102551 
0.987776344768867 
1.123230294328001 
1.273417783121444 
1.438535723802971 
1.619556909460742 
1.817264964032742 
2.032771003135910 
2.268893168611835 
2.525889718119021 
2.804370871094633 
3.105757610170198 
3.431401917080245 
3.782882461453441 
4.160979697206144 
4.567348516042999 
5.003428161546932 
5.470480649572967 
5.969893542953881 
6.503336652757782 
7.072535162253115 
7.679068197757825 
8.324649696168276 
9.011109459012095 
9.740328103538612 
10.514293748260560 
11.335066822176698 
12.204861096512097 
13.125928570730043 
14.100548456185690 
15.131139210209332 
16.220203886550706 
17.370352717135816 
18.584292556930841 
19.864834307567843 
21.214893625257108 
22.637493874172627 
24.135768389321143 
25.712962875429803 
27.372449074591323 
29.117719441693986 
30.952353763438129 
32.880067170988610 
34.904704175300111 
37.030239981768517 
39.260781890475378 
41.600570676602288 
44.053984752989834 
46.625543548643940 
49.319910572596271 
52.141896725433305 
55.096463781238732 
58.188727919018092 
61.423963298498016 
64.807605690766351 
68.345256170518638 
72.042684872643179 
75.905834813392602 
79.940825774967976 
84.153958251523662 
88.551717454168497 
93.140777372390161 
97.928004889406040 
102.920463949219140 
108.125419773576425 
113.550343127554981 
119.202914633083623 
125.091029130291531 
131.222800087120845 
137.606564058091010 
144.250885193433902 
151.164559799997505 
158.356620955324843 
165.836343176133568 
173.613247142055428 
181.697104474909452 
190.097942572981367 
198.826049498726064 
207.891978924793392 
217.306555099487724 
227.080877811169017 
237.226327570842727 
247.754570610608880 
258.677563948903185 
270.007560430227670 
281.757113703533832 
293.939083081273168 
306.566638405272101 
319.653264439390853 
333.212765124969621 
347.259267374691092 
361.807224297625737 
376.871417665654690 
392.466959377567377 
408.609291608074159 
425.314185240090808 
442.597736063506375 
460.476358073056076 
478.966772998538090 
498.085994932533936 
517.851308553662534 
538.280238929892903 
559.390510150560999 
581.199988939817786 
603.726607783066015 
626.988259809802230 
651.002652740042890 
675.787103594326254 
701.358244223409315 
727.731586697623015 
754.920859707810450 
782.936950772092473 
811.786126285455339 
841.466822914811928 
871.963325163233776 
903.231759078783398 
935.163849406018471 
967.472965932974603 
999.326414220435709 
0.628076329678910 
0.628076329678980 
0.628076329687862 
0.628076329831856 
0.628076330824706 
0.628076335142491 
0.628076349255909 
0.628076387272433 
0.628076476340799 
0.628076664170293 
0.628077029017306 
0.628077692491635 
0.628078835534990 
0.628080717924225 
0.628083701651784 
0.628088278535927 
0.628095102413370 
0.628105026267049 
0.628119144641943 
0.628138841702094 
0.628165845282366 
0.628202287289027 
0.628250770803952 
0.628314444248337 
0.628397082963170 
0.628503178565615 
0.628638036442922 
0.628807881748679 
0.629019974270375 
0.629282732542467 
0.629605867585727 
0.630000526661877 
0.630479447442592 
0.631057123004309 
0.631749978075175 
0.632576556978329 
0.633557723736861 
0.634716874830681 
0.636080165124329 
0.637676747517963 
0.639539026911312 
0.641702929112459 
0.644208185369654 
0.647098633254463 
0.650422534677615 
0.654232911873540 
0.658587902243948 
0.663551133002205 
0.669201262805784 
0.675616476509585 
0.682870428201209 
0.691053138254111 
0.700262338913903 
0.710603989152213 
0.722192816116291 
0.735152883860375 
0.749699516598462 
0.765909238353206 
0.783933741843821 
0.803941265281548 
0.826157933594291 
0.850762933302398 
0.877940603742477 
0.907970035224759 
0.941109061447181 
0.977550215296870 
1.017794505953272 
1.061959548372557 
1.110486761314265 
1.163655540056890 
1.221916505730057 
1.285581829601240 
1.355151767866701 
1.430927415952282 
1.513531941384841 
1.603392369673199 
1.701013113589080 
1.807187761527055 
1.922289063811501 
2.046961004831076 
2.181974635413430 
2.328092585058696 
2.485913428894636 
2.656221302364794 
2.839841063101498 
3.037653007624149 
3.250587224741943 
3.479550392060555 
3.725513567368991 
3.989498830918520 
4.272591790312238 
4.575938657813236 
4.900733859599828 
5.248211683957370 
5.619659596320161 
6.016357409914189 
6.439697481644474 
6.891126284209800 
7.372154806675866 
7.884360962511373 
8.429382397535109 
9.008916687196134 
9.624729635960424 
10.278657128080393 
10.972605873936535 
11.708557511485614 
12.488570323133027 
13.314781291139507 
14.189406472114204 
15.114740117891765 
16.093160956125434 
17.127135670895562 
18.219219910789825 
19.372062968915401 
20.588409553889939 
21.871103269949607 
23.223088940319890 
24.647415439604167 
26.147238545066337 
27.725824477860073 
29.386552531002312 
31.132916544646704 
32.968526745090664 
34.897115611746038 
36.922540331240377 
39.048785138990937 
41.279963810238272 
43.620323904735784 
46.074250138876891 
48.646267313207638 
51.341043713232516 
54.163394635287460 
57.118285903135614 
60.210837418403379 
63.446326762344597 
66.830192855589758 
70.368039678422647 
74.065640052172512 
77.928939481206356 
81.964060054315624 
86.177304403855928 
90.575159720765242 
95.164301823532782 
99.951599279296119 
104.944117575492783 
110.149123340846700 
115.574088614903843 
121.226695165799072 
127.114838856396204 
133.246634059366784 
139.630418122107613 
146.274755882627176 
153.188444237629710 
160.380516763967165 
167.860248394406455 
175.637160148260989 
183.721023916829921 
192.121867302772671 
200.849978511468692 
209.915911290794782 
219.330489913862266 
229.104814200316611 
239.250264566711337 
249.778507081942621 
260.701498520378493 
272.031491385087804 
283.781038870877580 
295.962999733461118 
308.590543003830021 
321.677152433083563 
335.236630660542573 
349.283102932950669 
363.831020236053973 
378.895161644364919 
394.490635639923426 
410.632880080385462 
427.337660405976749 
444.621065557090333 
462.499500920050195 
480.989677413890149 
500.108595555158558 
519.873522958928106 
540.301963202808338 
561.411613217730519 
583.220305246631824 
605.745927720626241 
629.006316675741914 
653.019104942653712 
677.801509714440613 
703.370026673635607 
729.739976811732163 
756.924810890552862 
784.934993272969791 
813.776106910445719 
843.445394827553855 
873.924819428024193 
905.165215335117637 
937.042761053824279 
969.198947189890191 
1000.000000000000000 
0.000000000000000 
0.000000000000000 
0.000000000000000 
0.000000000000000 
0.000000000000000 
0.000000000000000 
0.000000000000000 
0.000000000000000 
0.000000000000000 
0.000000000000000 
0.000000000000000 
0.000000000000000 
0.000000000000000 
0.000000000000000 
0.000000000000000 
0.000000000000000 
0.000000000000000 
0.000000000000000 
0.000000000000000 
0.000000000000000 
0.000000000000000 
0.000000000000000 
0.000000000000000 
0.000000000000000 
0.000000000000000 
0.000000000000000 
0.000000000000000 
0.000000000000000 
0.000000000000000 
0.000000000000000 
0.000000000000000 
0.000000000000000 
0.000000000000000 
0.000000000000000 
0.000000000000000 
0.000000000000000 
0.000000000000000 
0.000000000000000 
0.000000000000000 
0.000000000000000 
0.000000000000000 
0.000000000000000 
0.000000000000000 
0.000000000000000 
0.000000000000000 
0.000000000000000 
0.000000000000000 
0.000000000000000 
0.000000000000000 
0.000000000000000 
0.000000000000000 
0.000000000000000 
0.000000000000000 
0.000000000000000 
0.000000000000000 
0.000000000000000 
0.000000000000000 
0.000000000000000 
0.000000000000000 
0.000000000000000 
0.000000000000000 
0.000000000000000 
0.000000000000000 
0.000000000000000 
0.003941588479527 
0.020076481593659 
0.037995819839939 
0.057888269328894 
0.079965341706476 
0.104464053492696 
0.131649052639443 
0.161810606203203 
0.195581102272409 
0.234689011739604 
0.278388783511280 
0.327254117201517 
0.386826880140233 
0.456779760995129 
0.533885607791536 
0.619020627028206 
0.714007314482756 
0.819225900004816 
0.935919542015162 
1.064280321222637 
1.207875868367393 
1.367547371758174 
1.542682874453253 
1.734620551202453 
1.944168204357555 
2.172198446349765 
2.421389427542443 
2.693132998555640 
2.987361582438289 
3.305220800311422 
3.648602507201025 
4.019145141792826 
4.417801847823239 
4.845591943575316 
5.304594036392009 
5.796236604776778 
6.321689435412299 
6.882649123988321 
7.480914713973861 
8.118171539325624 
8.796366788045898 
9.517243264309741 
10.282786371613595 
11.095045160603524 
11.956142144151629 
12.868301733471505 
13.833838656033478 
14.855244242545423 
15.934979518203750 
17.075628813266956 
18.279868466021970 
19.550489030921167 
20.890380120324338 
22.302541693500924 
23.790082650973961 
25.356222793999798 
27.004295680376345 
28.737752529351038 
30.560165043862042 
32.475228510840260 
34.486772646944566 
36.598765202655414 
38.815269167634440 
41.140492356482703 
43.578781942567666 
46.134627962492992 
48.812664037321532 
51.617670402866381 
54.554577475549948 
57.628469401418926 
60.844587587455408 
64.208334262332542 
67.725276094247846 
71.401147877821060 
75.241856294107649 
79.253483744058428 
83.442292253904384 
87.814727449915068 
92.377422599362760 
97.137202714188717 
102.101088713784875 
107.276301643444157 
112.670266945391276 
118.290618779843328 
124.145204394220826 
130.242088539390807 
136.589557932604180 
143.196125767541616 
150.070536272552658 
157.221769318723574 
164.659045079804429 
172.391828746271642 
180.429835295868514 
188.783034322892462 
197.461654928268956 
206.476190672103996 
215.837404589953479 
225.556334273472572 
235.644297015437019 
246.112895018321240 
256.974020664634168 
268.239861846016026 
279.922907346541706 
292.035952273697603 
304.592103527844642 
317.604785297470301 
331.087744562801561 
345.055056583981582 
359.521130341426613 
374.500713884382549 
390.008899528048119 
406.061128818499128 
422.673197156022525 
439.861257928665282 
457.641825954863407 
476.031779961365373 
495.048363722043177 
514.709185342022010 
535.032213970531529 
556.035772933801354 
577.738527843520615 
600.159462825909941 
623.317859605016110 
647.233252386052186 
671.925355723146708 
697.413964798502661 
723.718796721277045 
750.859236480391246 
778.853913690385525 
807.719959144151744 
837.471605485853388 
868.117302536656780 
899.653002501169340 
932.043761265152625 
965.156394754964026 
998.321285286355533 
0.654193509937339 
0.654193509937407 
0.654193509946137 
0.654193510087655 
0.654193511063435 
0.654193515306983 
0.654193529177744 
0.654193566540638 
0.654193654077624 
0.654193838677706 
0.654194197251790 
0.654194849318797 
0.654195972709453 
0.654197822734191 
0.654200755161624 
0.654205253354065 
0.654211959906690 
0.654221713137008 
0.654235588771484 
0.654254947176444 
0.654281486480746 
0.654317301938255 
0.654364951878924 
0.654427530598361 
0.654508748537138 
0.654613020103072 
0.654745559492174 
0.654912484867246 
0.655120931257326 
0.655379172546473 
0.655696752927159 
0.656084628201822 
0.656555317326492 
0.657123064602954 
0.657804012941131 
0.658616388631611 
0.659580698089919 
0.660719937059540 
0.662059812790375 
0.663628979743354 
0.665459289410740 
0.667592322773316 
0.670067251321920 
0.672922682580412 
0.676206282348900 
0.679970415482835 
0.684272495595761 
0.689175354188412 
0.694747630175163 
0.701064180819579 
0.708206515118828 
0.716263250686453 
0.725330595168264 
0.735512853179943 
0.746976544467302 
0.759798593788101 
0.774109431706517 
0.790051960254494 
0.807780158327659 
0.827530440750604 
0.849435300520894 
0.873669117183476 
0.900463273602055 
0.930101882810802 
0.962741055099926 
0.998694333565260 
1.038263835297888 
1.081666554663438 
1.129485904230890 
1.181777161873951 
1.239245179193710 
1.301961062969728 
1.370573652018814 
1.445316683165792 
1.526755283980364 
1.615388328098423 
1.711667171231962 
1.816352124068457 
1.929922014306901 
2.052939133402227 
2.186090606871260 
2.330252179275895 
2.486031238149122 
2.654186057850835 
2.835503207569181 
3.030874657413296 
3.241202159355128 
3.467365263541534 
3.710376435255871 
3.971276621099691 
4.251130651669255 
4.551052081171529 
4.872241635242543 
5.215966524730822 
5.583424017831981 
5.975923522224840 
6.394853570388828 
6.841674386991610 
7.317891966744522 
7.825065991950465 
8.364829590788059 
8.938887777299763 
9.549007797347775 
10.197021401079777 
10.884829325898469 
11.614404381335081 
12.387796799960267 
13.207134368603407 
14.074626773244345 
14.992566542824651 
15.963333950750959 
16.989395028939200 
18.073293552668517 
19.217668799261034 
20.425250696287030 
21.698868499036369 
23.041451494887326 
24.456032272244791 
25.945745600731176 
27.513836704293269 
29.163663223516629 
30.898698086840646 
32.722532827458892 
34.638881229032620 
36.651580130203612 
38.764593351833383 
40.982009063038213 
43.308048576423531 
45.747071359351878 
48.303575656307373 
50.982201844404003 
53.787736381058998 
56.725115407495075 
59.799428283043881 
63.015921142325460 
66.380000503961440 
69.897236941097390 
73.573368817576593 
77.414306090859270 
81.426134181342022 
85.615117906806589 
89.987705480087556 
94.550532567602886 
99.310426406139115 
104.274409975230981 
109.449706222596262 
114.843742340400709 
120.464154090572436 
126.318790177946298 
132.415716670642297 
138.763221467718154 
145.369818814740853 
152.244253868458316 
159.395507312181252 
166.832800023785751 
174.565597798422374 
182.603616128038851 
190.956825039730944 
199.635453994703056 
208.649996849290062 
218.011216879055780 
227.730151866434596 
237.818119251730849 
248.286721346494119 
259.147850607304179 
270.413694966777371 
282.096743217009305 
294.209790438616437 
306.765943465780708 
319.778626374048144 
333.261585972702051 
347.228897276906025 
361.694968925875173 
376.674548501289451 
392.182727683900396 
408.234947164360165 
424.847001194588358 
442.035041625725285 
459.815581223742981 
478.205495978256067 
497.222026015297388 
516.882774577496775 
537.205704324680369 
558.209129900900280 
579.911705252233219 
602.332403577158630 
625.490487460010513 
649.405462056835518 
674.097004401898175 
699.584856333809512 
725.888656966828876 
753.027673060686993 
781.020346432790120 
809.883490754988884 
839.630757525666695 
870.269403717031764 
901.792491328807955 
934.155996218559494 
967.188578367468608 
1000.000000000000000 
0.000000000000000 
0.000000000000000 
0.000000000000000 
0.000000000000000 
0.000000000000000 
0.000000000000000 
0.000000000000000 
0.000000000000000 
0.000000000000000 
0.000000000000000 
0.000000000000000 
0.000000000000000 
0.000000000000000 
0.000000000000000 
0.000000000000000 
0.000000000000000 
0.000000000000000 
0.000000000000000 
0.000000000000000 
0.000000000000000 
0.000000000000000 
0.000000000000000 
0.000000000000000 
0.000000000000000 
0.000000000000000 
0.000000000000000 
0.000000000000000 
0.000000000000000 
0.000000000000000 
0.000000000000000 
0.000000000000000 
0.000000000000000 
0.000000000000000 
0.000000000000000 
0.000000000000000 
0.000000000000000 
0.000000000000000 
0.000000000000000 
0.000000000000000 
0.000000000000000 
0.000000000000000 
0.000000000000000 
0.000000000000000 
0.000000000000000 
0.000000000000000 
0.000000000000000 
0.000000000000000 
0.000000000000000 
0.000000000000000 
0.000000000000000 
0.000000000000000 
0.000000000000000 
0.000000000000000 
0.000000000000000 
0.000000000000000 
0.000000000000000 
0.000000000000000 
0.000000000000000 
0.000000000000000 
0.000000000000000 
0.000000000000000 
0.000000000000000 
0.000000000000000 
0.000000000000000 
0.000000000000000 
0.010243487139816 
0.027917002756389 
0.047519795440663 
0.069256330862715 
0.093355370067013 
0.120066911941136 
0.149671984074872 
0.182487891700384 
0.219630933132176 
0.262260973676070 
0.309662800888703 
0.362923989509351 
0.429338598647118 
0.504852776600414 
0.587970504104868 
0.679692836854876 
0.782188862291762 
0.895329475336385 
1.020659530524261 
1.158356993852795 
1.312605264030893 
1.483433166385897 
1.670583298605831 
1.875382659935854 
2.098754659557799 
2.341636499898652 
2.606618703822977 
2.895514775500294 
3.207945209054739 
3.545199994668392 
3.908974222568914 
4.301468270861823 
4.723524512616153 
5.176070985927350 
5.660898429104686 
6.180278711236475 
6.735063553398330 
7.326895648202722 
7.957775395598667 
8.629389329801592 
9.343697304807494 
10.102743311328059 
10.908407798186115 
11.762873741131676 
12.668325171554020 
13.627057062265465 
14.641463109236721 
15.714029534116797 
16.847402324254734 
18.044272794411587 
19.307390463480477 
20.639636180501846 
22.043987707407020 
23.523543547432098 
25.081508825629232 
26.721195526069835 
28.446034511299338 
30.259576841684336 
32.165496892810253 
34.167600681267032 
36.269818303693960 
38.476206740395725 
40.790958444222412 
43.218429732649923 
45.763077119636449 
48.429511517310374 
51.222490261340084 
54.146920493694410 
57.207862857043231 
60.410535039492274 
63.760315264860125 
67.262745813999288 
70.923536615692129 
74.748568920309864 
78.743899058814094 
82.915762285623643 
87.270576702317541 
91.814947258475186 
96.555669825595089 
101.499735339832867 
106.654334009228222 
112.026859581186898 
117.624913666250237 
123.456310114642577 
129.529079442709758 
135.851473307118425 
142.431969025526314 
149.279274143304093 
156.402331046719780 
163.810321623737963 
171.512671974205318 
179.519057171631090 
187.839406079047308 
196.483906221523824 
205.463008717828416 
214.787433273507190 
224.468173237290586 
234.516500722274259 
244.943971792758816 
255.762431716970639 
266.984020285129873 
278.621177191422589 
290.686647477343001 
303.193487032523194 
316.155068147405700 
329.585085109868089 
343.497559834878473 
357.906847512243189 
372.827642252108888 
388.274982700609712 
404.264257588279463 
420.811211160649918 
437.931948422731409 
455.642940105091839 
473.961027226825081 
492.903425086651509 
512.487726453112487 
532.731903641689087 
553.654309050758457 
575.273673565205627 
597.609102004361603 
620.680064613408717 
644.506382671097299 
669.108205631520377 
694.505976120839250 
720.720376656872418 
747.772248008008319 
775.682461789980152 
804.471715495395983 
834.160187828940593 
864.766922868867368 
896.308635333998154 
928.797104089903542 
962.231905755744378 
996.560151346069915 
0.681620393197054 
0.681620393197122 
0.681620393205799 
0.681620393346469 
0.681620394316402 
0.681620398534522 
0.681620412322167 
0.681620449461176 
0.681620536473624 
0.681620719967549 
0.681621076392992 
0.681621724552690 
0.681622841211771 
0.681624680150786 
0.681627595006470 
0.681632066244645 
0.681638732609722 
0.681648427395407 
0.681662219881332 
0.681681462280572 
0.681707842543392 
0.681743443363009 
0.681790807729891 
0.681853011382057 
0.681933742500120 
0.682037388997597 
0.682169133759238 
0.682335058183117 
0.682542254386057 
0.682798946436778 
0.683114620987281 
0.683500167680549 
0.683968029722053 
0.684532365013958 
0.685209218264818 
0.686016704504169 
0.686975204451201 
0.688107572209994 
0.689439355790926 
0.690999030989223 
0.692818249187338 
0.694932099688183 
0.697379387230993 
0.700202925390691 
0.703449846614306 
0.707171929703410 
0.711425945608250 
0.716274022455115 
0.721784030780954 
0.728029989994633 
0.735092497118324 
0.743092371224874 
0.752099928302695 
0.762214809750635 
0.773549128109005 
0.786224111198465 
0.800370685292548 
0.816150904956719 
0.833755858220193 
0.853297660583155 
0.874953001718975 
0.898933307175087 
0.925511810288106 
0.954824257185040 
0.987121280713144 
1.022771834409733 
1.061920411571614 
1.104942067718913 
1.152129317525937 
1.203891856449759 
1.260715194875095 
1.322820249221361 
1.390690329922390 
1.464725599001110 
1.545327544418003 
1.633118829653262 
1.728492010422723 
1.832113866157663 
1.944596013347044 
2.066445048251126 
2.198326892109223 
2.341088106016173 
2.495381388687295 
2.661974407982417 
2.841667568068762 
3.035284161305110 
3.243759518254623 
3.467947533782378 
3.708841254028707 
3.967492634751141 
4.244998658388659 
4.542474327690620 
4.861079922288143 
5.202046964144547 
5.566594686801793 
5.956058513323025 
6.371805704374540 
6.815272584901850 
7.287973435875021 
7.791485151318225 
8.327426565612468 
8.897480052918644 
9.503417954380037 
10.147077304028914 
10.830359393289683 
11.555242877008315 
12.323767276469827 
13.138052549022969 
14.000306022241137 
14.912808015342417 
15.877930797400673 
16.898131706663147 
17.975962316081333 
19.114073511736187 
20.315190270952019 
21.582130554474773 
22.917817947688818 
24.325288397670295 
25.807653478687463 
27.368142106772666 
29.010097710812744 
30.736978587193548 
32.552360281819574 
34.459950424024797 
36.463563702785223 
38.567139024079943 
40.774750238599566 
43.090603711037218 
45.519049638980029 
48.064571041897786 
50.731789104929526 
53.525469839187778 
56.450528348144317 
59.512032478434165 
62.715206357886061 
66.065433951325332 
69.568262672350556 
73.229407063313587 
77.054752547286199 
81.050359252642224 
85.222465909463423 
89.577493816162132 
94.122050874138012 
98.862935687842977 
103.807141727317457 
108.961861550093033 
114.334491079367439 
119.932633935532806 
125.764105818505215 
131.836938938807322 
138.159386495985046 
144.739927203633783 
151.587269861027494 
158.710357972019835 
166.118374412485508 
173.820746148066263 
181.827149004313640 
190.147512491531643 
198.792024686654798 
207.771137174396642 
217.095570049686160 
226.776316983052368 
236.824650350192542 
247.252126426417277 
258.070590646038283 
269.292182926026442 
280.929343052373838 
292.994816126496858 
305.501658067654432 
318.463241165547970 
331.893259674970693 
345.805735441243996 
360.215023541050812 
375.135817917703037 
390.583156982413072 
406.572429143080740 
423.119378208555418 
440.240108598149732 
457.951090261564445 
476.269163181151271 
495.211541283254292 
514.795815523544888 
535.039955825933589 
555.962311435578727 
577.581609078932843 
599.916948088691242 
622.987791476614120 
646.813950906720265 
671.415562952370465 
696.813052846701339 
723.027079323678549 
750.078450059479792 
777.987989540520175 
806.776326019701855 
836.463532183079451 
867.068480569604390 
898.607586928689670 
931.092051242871548 
964.520074316256341 
998.832690106879568 
0.000000000000000 
0.000000000000000 
0.000000000000000 
0.000000000000000 
0.000000000000000 
0.000000000000000 
0.000000000000000 
0.000000000000000 
0.000000000000000 
0.000000000000000 
0.000000000000000 
0.000000000000000 
0.000000000000000 
0.000000000000000 
0.000000000000000 
0.000000000000000 
0.000000000000000 
0.000000000000000 
0.000000000000000 
0.000000000000000 
0.000000000000000 
0.000000000000000 
0.000000000000000 
0.000000000000000 
0.000000000000000 
0.000000000000000 
0.000000000000000 
0.000000000000000 
0.000000000000000 
0.000000000000000 
0.000000000000000 
0.000000000000000 
0.000000000000000 
0.000000000000000 
0.000000000000000 
0.000000000000000 
0.000000000000000 
0.000000000000000 
0.000000000000000 
0.000000000000000 
0.000000000000000 
0.000000000000000 
0.000000000000000 
0.000000000000000 
0.000000000000000 
0.000000000000000 
0.000000000000000 
0.000000000000000 
0.000000000000000 
0.000000000000000 
0.000000000000000 
0.000000000000000 
0.000000000000000 
0.000000000000000 
0.000000000000000 
0.000000000000000 
0.000000000000000 
0.000000000000000 
0.000000000000000 
0.000000000000000 
0.000000000000000 
0.000000000000000 
0.000000000000000 
0.000000000000000 
0.000000000000000 
0.001658866311599 
0.019147005395497 
0.038532457067241 
0.060014960194771 
0.083812028705669 
0.110167669091956 
0.139355840389585 
0.171678982330582 
0.207572012938699 
0.248769468400417 
0.295314957368466 
0.346894609023042 
0.406311782591058 
0.480617622088527 
0.562360950481436 
0.652244690955229 
0.751786503764077 
0.862689621422627 
0.984987819736590 
1.120054408782729 
1.268694344182141 
1.435454330910845 
1.618960333119687 
1.819770200888362 
2.039126682669486 
2.278101885814752 
2.537778712232686 
2.821009741480276 
3.129070187892583 
3.461846087615253 
3.820718510500260 
4.207457740991811 
4.624484239241339 
5.072374082109890 
5.552232434168448 
6.065883143962134 
6.615711619953283 
7.202647723937496 
7.828361327738766 
8.494909502555560 
9.204073007071171 
9.957746402271628 
10.758298548901454 
11.607534796691617 
12.507730228651738 
13.461185283593634 
14.470239357079826 
15.537389227208537 
16.665198556628408 
17.856357138776083 
19.113730977635999 
20.440154517848704 
21.838617051395822 
23.312163905474662 
24.863993796210671 
26.497398682022656 
28.215798752034821 
30.022730612255550 
31.921855706260565 
33.916961999748260 
36.011966053277817 
38.210914362392003 
40.517987027748809 
42.937500968164841 
45.473914773631776 
48.131837756362799 
50.916029470733278 
53.831371886767499 
56.882908602311687 
60.075840145241415 
63.415527128539225 
66.907493825596887 
70.557431816235578 
74.371203666201211 
78.354846660230109 
82.514576605260118 
86.856791711099191 
91.388076550015114 
96.115206093725334 
101.045149824807552 
106.185075918814661 
111.542355493036112 
117.124566917764326 
122.939500186063896 
128.995161338391540 
135.299776938942642 
141.861798601283823 
148.689907561617986 
155.793019298868273 
163.180288201591054 
170.861112282501381 
178.845137942046051 
187.142264782972859 
195.762650478195098 
204.716715694417871 
214.015149074009429 
223.668912277446452 
233.689245088381824 
244.087670582982867 
254.876000364675804 
266.066339864834674 
277.671093709230263 
289.702971149219820 
302.174991555645931 
315.100489972155628 
328.493122723084980 
342.366873068994721 
356.736056900262724 
371.615328455574399 
387.019686047364985 
402.964477769895268 
419.465407157027812 
436.538538745237133 
454.200303481836272 
472.467503897454094 
491.357318933476222 
510.887308276718727 
531.075416001062649 
551.939973243428085 
573.499699540923757 
595.773702315984565 
618.781473843495974 
642.542884649018902 
667.078171809403557 
692.407919978602422 
718.553031780517813 
745.534682203166312 
773.374248069068699 
802.093196941796577 
831.712906282163885 
862.254354080979397 
893.737550818021191 
926.180383134503245 
959.595707993053793 
993.977577746643533 
0.709283721441015 
0.709283721441083 
0.709283721449674 
0.709283721588957 
0.709283722549328 
0.709283726725864 
0.709283740377585 
0.709283777150462 
0.709283863305104 
0.709284044990070 
0.709284397901722 
0.709285039671593 
0.709286145322188 
0.709287966132191 
0.709290852252059 
0.709295279411021 
0.709301880056579 
0.709311479267678 
0.709325135782934 
0.709344188485484 
0.709370308686439 
0.709405558549380 
0.709452455999102 
0.709514046458764 
0.709593981760956 
0.709696606579984 
0.709827052735028 
0.709991341716887 
0.710196495794978 
0.710450658066238 
0.710763221813909 
0.711144969552005 
0.711608222140961 
0.712166998371785 
0.712837185430390 
0.713636720670970 
0.714585785147779 
0.715707009378778 
0.717025691842788 
0.718570030744282 
0.720371369617139 
0.722464457380620 
0.724887723507549 
0.727683569016023 
0.730898674051205 
0.734584322882223 
0.738817233064825 
0.743652150611984 
0.749147078102937 
0.755375784109100 
0.762418583714343 
0.770362786790555 
0.779303170309549 
0.789342475731558 
0.800591932457434 
0.813177855355924 
0.827272835973951 
0.842974220630498 
0.860433486002915 
0.879813660672460 
0.901320596200387 
0.925178445046831 
0.951530716802152 
0.980594184876981 
1.012746535506918 
1.048116738050014 
1.086982003302090 
1.129727689330461 
1.176541866657377 
1.227942862394554 
1.284130578321576 
1.345845776887552 
1.413216676153920 
1.486753615037920 
1.566760482852388 
1.653924891749502 
1.748661551177969 
1.851476402256556 
1.963192560246109 
2.084202769965566 
2.215168037799141 
2.356913955765119 
2.510109948986650 
2.675538250012332 
2.854019645477715 
3.046341191827975 
3.253466383400400 
3.476210723134946 
3.715561670078750 
3.972560717528295 
4.248306457683079 
4.543946411991064 
4.860645458268337 
5.199592333558117 
5.561991417102796 
5.949189001149664 
6.362575839460287 
6.803573646882998 
7.273674019122289 
7.774451907371855 
8.307546417227369 
8.874640912515812 
9.477478542319638 
10.117897698331999 
10.797803572473711 
11.519166723248448 
12.284045250479377 
13.094562005569108 
13.952898993357344 
14.861350261368734 
15.822276331773836 
16.838131411157093 
17.911477653298800 
19.044945365297131 
20.241271577145554 
21.503311364614980 
22.833927268279403 
24.236148151803469 
25.713083204925070 
27.267958085216783 
28.904107184613650 
30.624980535088955 
32.434144447571725 
34.335287909077998 
36.332220449026380 
38.428875968348365 
40.629317548061152 
42.937740346718705 
45.358476854001829 
47.895998028833780 
50.554916030795553 
53.339989193160591 
56.256120814261408 
59.308364460355243 
62.501928720085729 
65.842181300484157 
69.334652840418755 
72.985040649063833 
76.799212459525194 
80.783210233250415 
84.943254028739801 
89.285745939126940 
93.817274099377826 
98.544616762050495 
103.474746439588273 
108.614834110544763 
113.972253486823149 
119.554585338901347 
125.369621876098961 
131.425371179214181 
137.730061683289023 
144.292146708821292 
151.120309040397984 
158.223465552410204 
165.610771882186839 
173.291627151512870 
181.275678738017490 
189.572827098324979 
198.193230645122100 
207.147310680408367 
216.445756387177966 
226.099529881615638 
236.119871327614277 
246.518304115044941 
257.306640102714255 
268.496984926382822 
280.101743371509087 
292.133624809569994 
304.605648695793093 
317.531150124870294 
330.923785439622293 
344.797537885474071 
359.166723300841795 
374.045995829862306 
389.450353638960507 
405.395144612195395 
421.896071991455813 
438.969199915723834 
456.630958797653420 
474.898150454198174 
493.787952878956958 
513.317924504448683 
533.506007748577417 
554.370531565235524 
575.930212615657410 
598.204154533513588 
621.211844606978843 
644.973146774347924 
669.508289360034610 
694.837845311982164 
720.982701450277773 
747.964011141977494 
775.803121083094538 
804.521455793925156 
834.140329100946474 
864.680620427750682 
896.162177434895966 
928.602591806643773 
962.014083849813233 
996.388332546372339 
