0
0
0
0
0
0
0
0
0
0
0
0
0
0
0
0
0
0
0
0
0
0
0
0
0
0
0
0
0
0.00311617518486678
0.0244323684809989
0.050742088252762
0.0830709951945393
0.122649874903853
0.171972315042558
0.243739308823916
0.334620535233538
0.44494278953893
0.579352119686462
0.750114539254564
0.956793871750968
1.2042464394511
1.50547971202849
1.86466182821073
2.2905046782095
2.79411160700172
3.38407325142175
4.07329610470329
4.87244924684593
5.79396612998378
6.85039301435019
8.05532639937191
9.4231747947863
10.9694313767414
12.7112218551075
14.66650033808
16.8543728372237
19.2956599452351
22.0129196186759
25.0305150735592
28.3746792766827
32.0735835914031
36.1574155682166
40.6584602531011
45.611189921187
51.0523633728019
57.0211309953519
63.5591447712834
70.7106733149959
78.5227217440278
87.0451561063245
96.3308320333157
106.435727281083
117.419077866461
129.343517590723
142.275220843528
156.284048659108
171.443698020622
187.831854347197
205.530346923343
224.625306677069
245.207325366519
267.371614101945
291.218155336505
316.851849005486
344.382646851962
373.925644345737
405.601131241438
439.534559144028
475.856378942712
514.701669226229
556.20942473562
600.521276862738
647.779223758106
698.121525361273
751.674918488445
808.538800822014
868.749918336961
932.193803544796
998.222717019571
0.667430207755755
0.667430207764935
0.667430208930836
0.667430227833124
0.667430358166184
0.667430924968586
0.667432777659156
0.667437768149193
0.66744946030262
0.667474117023232
0.667522011268069
0.667609107332879
0.66775915885575
0.668006270181709
0.668397968092423
0.668998831532552
0.669894728002246
0.671197706930595
0.673051602853033
0.675638404900351
0.679185454324117
0.6839735388901
0.69034669531291
0.698823901483065
0.709831564485675
0.72397271707279
0.741961801960933
0.764640195983456
0.792993377881709
0.828169853643545
0.871734624164422
0.925156483618772
0.990118546623391
1.0690031294618
1.16406996747078
1.27838601067314
1.41530300763842
1.57823472151249
1.77084573218326
1.9983329672942
2.26555187565091
2.57810528854413
2.94232595372966
3.36545374349203
3.854885867858
4.41880459380961
5.06643935745246
5.80780147902204
6.65374517817216
7.61605647139861
8.70748550013014
9.94183241932616
11.3340028479861
12.9000917458312
14.6574523054994
16.6246974971399
18.8218079645564
21.2702514478081
23.9930884121257
27.0150619608382
30.3626845008782
34.0643370400724
38.1503615816336
42.6531561800242
47.6072798907983
53.0495597709537
59.019200301727
65.557897030469
72.7099542675032
80.5224068266468
89.0451457116458
98.3310475838633
108.436107822071
119.419577006239
131.344100711164
144.275862558482
158.284730517673
173.444406438593
189.832578711902
207.531077760919
226.626033737074
247.208035275373
269.372287170891
293.218763623457
318.852352533316
346.382981970426
375.925714148127
407.60078902531
441.533584021736
477.85443964896
516.698269655049
558.203819920138
602.5123382374
649.76521053224
700.099665089991
753.640565900355
810.483534938528
870.656513612505
934.020367972131
1000
0
0
0
0
0
0
0
0
0
0
0
0
0
0
0
0
0
0
0
0
0
0
0
0
0
0
0
0
0
0
0.0174487795870424
0.0434793645076663
0.0754322341744315
0.114502457103723
0.162122674889367
0.227521740832333
0.316415902113058
0.424667336286485
0.55511340077528
0.718189988284981
0.920467223533927
1.161990700692
1.45266643496583
1.80345859015089
2.21838152787976
2.70948623132701
3.28649629829381
3.95988725219684
4.74273664730107
5.64699178194676
6.68571081025318
7.87248534949924
9.22187734586877
10.7493985820698
12.4717145598992
14.4069332183596
16.5748225368791
18.9959041939155
21.6924509323152
24.6885506775178
28.0101728522945
31.6852278888651
35.743653508397
40.2174927770192
45.140975902191
50.5506177582612
56.4853209251476
62.9864823949239
70.0981054877816
77.8669171377299
86.3424903892682
95.5773717782651
105.62721318122
116.55090770213
128.410729225889
141.272475386548
155.205613846923
170.283431924976
186.583189699017
204.186276756298
223.178372708457
243.649611477373
265.69474914485
289.413334826962
314.909883508857
342.294048928037
371.680793195015
403.190547495879
436.949354239999
473.088974135434
511.74692945175
553.066432095548
597.196100343378
644.289275997674
694.502559469067
747.992530337185
804.908055434078
865.369603707217
929.400968746875
996.444443438604
0.697091738347571
0.69709173835672
0.697091739518763
0.697091758358486
0.697091888260161
0.697092453186519
0.697094299744893
0.697099273716796
0.697110927169084
0.697135502271025
0.697183237958164
0.697270045623028
0.697419600096325
0.697665892346455
0.698056290626892
0.698655157325112
0.699548069634405
0.700846693546931
0.702694362769433
0.705272417261096
0.708807360498392
0.713578900610948
0.719928948488162
0.728271655960794
0.739104589030588
0.753021144111736
0.770724327754744
0.793042029547986
0.820943919605114
0.855698736786765
0.898736254501774
0.951395593892642
1.01543105648795
1.09330120847528
1.18694385230092
1.29974070070063
1.43447637765584
1.59522782931208
1.78529050409082
2.00966126673642
2.2732951669007
2.58172943403289
2.941354509855
3.35923039433615
3.8427341810934
4.40001858277749
5.04021567960316
5.77334294390195
6.61028741696978
7.56280182249067
8.64362383897414
9.86651385394356
11.2463419238069
12.7991453120238
14.5422187739606
16.4942074193678
18.675154751854
21.1064251971354
23.8109495370859
26.8133340129348
30.1399200658296
33.8189168994978
37.8804910963009
42.356848369826
47.282344539927
52.6935943404242
58.6295783622013
65.1317550501304
72.2441768960407
80.0136109205225
88.4896634347386
97.7249089476585
107.775022995259
118.698918639264
130.558886417831
143.420737615003
157.353950822777
172.431821868205
188.731617241247
206.334731169297
225.326846431717
245.798098883953
267.843245449463
291.561835000875
317.058381014278
344.442534006193
373.829250315571
405.338951366472
439.097663426052
475.23712074692
513.894802308278
555.213848850893
599.342760794352
646.434683089222
696.645865239325
750.132238226719
807.041399582479
867.491333515754
931.503249390319
998.473583405807
0
0
0
0
0
0
0
0
0
0
0
0
0
0
0
0
0
0
0
0
0
0
0
0
0
0
0
0
0
0
0.0115008283398278
0.0373331815000039
0.0690176909629741
0.107725012183574
0.154857541611894
0.215781290704071
0.301629500329081
0.408229239532379
0.537028150437422
0.693756033863302
0.891760237597451
1.12951668603705
1.4132911362066
1.75609452143283
2.16388836664672
2.64511779714795
3.21235978109555
3.87460833432753
4.64475584444938
5.53583256544136
6.56089622299753
7.73371665844033
9.06894744150542
10.5821542803469
12.2900140456367
14.2104350979283
16.3628153004135
18.7684538426526
21.4494262730953
24.4296364139279
27.7349063153418
31.3929179250779
35.433405564702
39.8882327940077
44.7914485209857
50.1793883206463
56.09077941504
62.5668432349345
69.6514033760707
77.3909998437084
85.8350093274481
95.0357710359307
105.048717576477
115.932510360976
127.749179054832
140.564264673253
154.446966064404
169.470289677594
185.71120266163
203.250789440824
222.174411952495
242.5718736912
264.537587588599
288.170747555715
313.575503199163
340.861136732814
370.14224032368
401.538890828649
435.176816740132
471.187548536126
509.708537373898
550.883215940063
594.860954593114
641.796826188447
691.851011166395
745.187445199549
801.970769673944
862.358853504502
926.481262926407
994.306181287182
0.72806034541246
0.72806034542149
0.728060346568392
0.728060365162654
0.728060493371847
0.728061050937813
0.728062873437487
0.728067782603827
0.728079284224141
0.728103539139415
0.728150652884872
0.728236329551595
0.728383935533277
0.728627018987948
0.72901233114886
0.729603396147703
0.730484676889093
0.731766385905581
0.733589992246896
0.736134478589075
0.739623407207616
0.744332859581311
0.750600322479053
0.758834603588682
0.769526871927624
0.783262931738722
0.800736851779471
0.822766082126709
0.850430006019128
0.885033532043175
0.927654342666726
0.97980325423614
1.04336494122946
1.12048234145162
1.21319822022462
1.32496572354579
1.45811872331149
1.61745403851507
1.80577779262533
2.02799767652006
2.28918896386465
2.59477036475502
2.95112786810374
3.36533775269593
3.84469178003215
4.39733639877499
5.03233091044724
5.75963177351092
6.59013899442958
7.53563577632688
8.60884620567061
9.82351127875426
11.1944826874387
12.7377655877794
14.4706103994956
16.4115902117151
18.5807102610547
20.9995143923973
23.6908564220845
26.6794069796809
29.9912375894379
33.6544327006941
37.6990631372869
42.1572012765584
47.0630611703913
52.4531162639027
58.3661998696608
64.8436148758719
71.9292484718877
79.6696914330301
88.1143619181489
97.3156336789192
107.328968484929
118.213052500559
130.029936334342
142.845178526099
156.727992330458
171.751395771286
187.992365048289
205.531991446775
224.455641916068
244.853123432706
266.818851145601
290.452020098958
315.856780013049
343.14241210616
372.423506141683
403.820134570168
437.45801844245
473.468676053829
511.989538859438
553.164007772256
597.14140170779
644.076709406921
694.12997031505
747.464872186005
804.245590921576
864.629030379855
928.742469045255
996.542254826183
0
0
0
0
0
0
0
0
0
0
0
0
0
0
0
0
0
0
0
0
0
0
0
0
0
0
0
0
0
0
0.00627777704555698
0.0319596583198629
0.0634407642156889
0.101874600840696
0.14864033819258
0.206888797247462
0.289085904350126
0.394449790876257
0.521824259040667
0.675245099424002
0.867907064551208
1.10271659951499
1.38211664512693
1.71806075551948
2.11972650612346
2.59358591612372
3.15238077830675
3.80599877585789
4.56630354183043
5.44613603251292
6.46023714778397
7.62145845905331
8.94510823658157
10.4465686435751
12.1426394724162
14.0511917102586
16.1914808833018
18.5844722981559
21.2529716040767
24.220657084131
27.5131019501124
31.1578308152062
35.1844263668242
39.6246100260237
44.5123065630361
49.883729764304
55.7774804088302
62.2346488304377
69.2989227581625
77.0167009051472
85.4372122991261
94.6126411266866
104.598256747032
115.452548458686
127.237364572856
140.018055373876
153.86361963471
168.846854489115
185.044508611533
202.537438785434
221.410770021493
241.754059401343
263.661463764026
287.231911216708
312.569276225953
339.782557695971
368.986058892646
400.299567192719
433.848530192912
469.764222299226
508.183891811216
549.250871370212
593.114621765785
639.930655193801
689.860236898157
743.069644260169
799.728483678061
860.005730233867
924.059201597439
991.979254504023
0.758431352482365
0.758431352491301
0.758431353626169
0.75843137202534
0.75843149888936
0.758432050605336
0.758433853983324
0.758438711642678
0.7584500925882
0.75847409302244
0.758520712457728
0.758605490232446
0.758751547623291
0.758992080916655
0.759373351117309
0.759958216519835
0.760830255274606
0.762098526519242
0.763903020846036
0.766420854120168
0.769873263285002
0.774533469143559
0.780735479507685
0.788883916736907
0.799464966419327
0.813058558097895
0.830351902969109
0.852332961096504
0.880015795310492
0.914355770017145
0.956650881086514
1.00839991557713
1.07165246320671
1.14818883202968
1.24030770719497
1.35124448353387
1.48339400166812
1.64154775035514
1.82855404347645
2.04914980808817
2.3085485318981
2.61200361557803
2.96584913714482
3.37723425372355
3.85345837386938
4.40256031287284
5.03359220399856
5.7564614600476
6.58201356804296
7.52205957953581
8.58937727123116
9.79765289924213
11.161756584857
12.6976597760033
14.4225993252344
16.355114721915
18.5152772303729
20.9246363348238
23.6060177528643
26.5838701079584
29.884325623031
33.5353951503312
37.5670527910593
42.0112960795179
46.9022544940765
52.2763019513953
58.1721638707147
64.6310277398038
71.6966578150863
79.4155140540641
87.8368753976348
97.0129674327663
106.99909434765
117.853774987848
129.638882761201
142.419789137086
156.265510541789
171.248858549381
187.446593378447
204.939580799036
223.812952607061
244.156270820345
266.063695684211
289.63415743766
314.971531566479
342.184816917648
371.388315492947
402.701811840389
436.250748481251
472.166391333948
510.585974884378
551.652809517394
595.516320192918
642.331961080429
692.26090209353
745.46925809417
802.126342938226
862.400556921417
926.448422292052
994.354879411538
0
0
0
0
0
0
0
0
0
0
0
0
0
0
0
0
0
0
0
0
0
0
0
0
0
0
0
0
0
0
0
0
0.0205422107817881
0.0566698412349564
0.101352247569264
0.156694326938002
0.227589093112079
0.319684661621192
0.446555881071201
0.605645630988671
0.802335459645435
1.04434316020822
1.34439586535946
1.70635496981525
2.13897224400367
2.65469252118639
3.25976016610654
3.9651724153361
4.78211704865665
5.72144277638683
6.79487958903277
8.01544996518512
9.39735945591513
10.9561373016113
12.708985705638
14.6741916286286
16.871265521982
19.3214242759704
22.0475510283298
25.0742707049573
28.4280258307862
32.1371592668487
36.232005934933
40.7449820223019
45.7106818579227
51.1659831113638
57.1501549810535
63.7049701541469
70.8748213466497
78.7068423347764
87.2510332854986
96.5603901327819
106.691037724982
117.702366498925
129.657172507832
142.6218007173
156.666291552136
171.86453069344
188.294402059849
206.037943728687
225.18150556618
245.815909347017
268.036607714118
291.943838479134
317.642770999506
345.243635903421
374.86182305578
406.617930962329
440.637734206484
477.052018930033
515.996204232052
557.609610210046
602.034122706377
649.411772333548
699.880205858218
753.563588175186
810.552192153513
870.847984153829
934.179870015526
999.278052770097
0.631714885150071
0.631714885159329
0.631714886335244
0.631714905399869
0.631715036852269
0.631715608522537
0.631717477124581
0.631722510474641
0.631734303045177
0.631759171532295
0.631807477137782
0.631895321321145
0.632046661892717
0.63229589654627
0.632690961346924
0.633296992414535
0.634200600239731
0.635514807964066
0.637384707835882
0.639993894267446
0.643571737848733
0.648401572676166
0.65482987964891
0.663276560861853
0.674246414162588
0.688341930633695
0.706465150790546
0.729345635179519
0.757957428752029
0.793463179873834
0.837212375617465
0.891169712112857
0.956825493714906
1.03639615693231
1.13281630679345
1.24830163028497
1.38684808739597
1.55141843070274
1.74604505420133
1.97592285820632
2.24571926378321
2.56118156557345
2.92864826317088
3.35530273234953
3.84843338630791
4.41626388813914
5.06795675173706
5.81350495125093
6.66375168457863
7.63045582139825
8.72636745125326
9.96530283051557
11.3622060478044
12.9332231171915
14.6957651330496
16.6685306002347
18.871597760332
21.326527980506
24.0564708682394
27.0862556631233
30.442477994631
34.1536030541928
38.250058782598
42.7643311536984
47.7310711711073
53.187202785861
59.1720326763266
65.7273643367517
72.8976162014128
80.7299437911408
89.2743657912918
98.583893904492
108.71466629555
119.726084464812
131.680953438089
144.645625222605
158.690145520017
173.888403680211
190.318285794723
208.061830635178
227.205387812342
247.839777081101
270.060446653946
293.967627324108
319.666477520121
347.267210530605
376.885190284066
408.64097637428
442.660285244694
479.073816160969
518.016857659523
559.6285308947
604.050410952538
651.424022206806
701.886124955401
755.559167664202
812.52950926469
872.787371955153
936.001826326605
1000
0
0
0
0
0
0
0
0
0
0
0
0
0
0
0
0
0
0
0
0
0
0
0
0
0
0
0
0
0
0
0
0
0.00908391625515988
0.0445257125546021
0.0882559029774062
0.142157944693657
0.209723120164161
0.296347932840137
0.413515854369382
0.567159264382004
0.756607124055111
0.98898741293091
1.27580628394969
1.62684365051833
2.04603165969825
2.54594773993109
3.1371287867176
3.82694673449963
4.6275162691931
5.55048224296549
6.60782167129424
7.81217345796007
9.1776531281091
10.7195947156885
12.4547383981539
14.4013619744963
16.5794920914442
19.0100212365163
21.7156181512089
24.7206987772187
28.0514956743894
31.7361249099209
35.804698455009
40.2894078755381
45.2246123368353
50.6469477208557
56.5954342651954
63.1115852767267
70.2395210351681
78.0260877520756
86.5209813731275
95.7768759564578
105.849556293801
116.798054419862
128.684789700197
141.575712290122
155.540449888438
170.652457834474
186.989172683101
204.632169418842
223.667322426218
244.184970212592
266.280083668631
290.052437316022
315.606782460531
343.053020308081
372.50637167954
404.087537574036
437.922840770381
474.144331614339
512.889828558902
554.302840516582
598.532263206021
645.731620111916
696.057609520322
749.666480381798
806.705449441504
867.287942057007
931.402281714249
998.236299507822
0.657403404355024
0.657403404364129
0.657403405520513
0.657403424268504
0.657403553537677
0.657404115713366
0.657405953280755
0.657410903034503
0.657422499748465
0.657446955208654
0.657494458535555
0.657580843776337
0.657729670863475
0.657974766264223
0.658363270063901
0.658959236952423
0.659847839784511
0.661140226286006
0.662979082373459
0.665544959796496
0.669063431797028
0.673813148586168
0.680134874927457
0.688441604939432
0.69933622376487
0.713362338415956
0.731208036553743
0.753710175805258
0.781849691645073
0.816770731221132
0.859966308023496
0.91308837998817
0.977701894157725
1.05618530475036
1.15099380673046
1.26481715324937
1.4013149752411
1.56361808423127
1.75550276706829
1.98226195381895
2.24842184292684
2.55973129381632
2.9225846994752
3.34401848491046
3.83123294775071
4.39250152651759
5.03688415263685
5.77432811748165
6.61569194227958
7.57271696638592
8.65811716847448
9.88564524254403
11.2701906791808
12.8278290589555
14.5759102538801
16.5331390831294
18.7196240055713
21.1568366257702
23.8678012559773
26.8772157108377
30.2115006782141
33.8989469375806
37.9698052310474
42.4563612881745
47.393054274331
52.8165873004715
58.766033599895
65.2829489043843
72.4114880944614
80.1985261247504
88.693783197587
97.9499540548564
108.022841175349
118.971491635905
130.858337426551
143.749339090319
157.714132661933
172.826179975681
189.162922475101
206.805938667288
225.841105312127
246.358762312518
268.453881058206
292.226235634306
317.780575759388
345.226799428162
374.680121759134
406.261234070136
440.096442983974
476.317772030589
515.062995056823
556.47554602713
600.704200320399
647.902318960426
698.226201994033
751.831320638073
808.862991317942
869.428500876131
933.482413218039
1000
0
0
0
0
0
0
0
0
0
0
0
0
0
0
0
0
0
0
0
0
0
0
0
0
0
0
0
0
0
0
0
0
0
0.0343381602181637
0.0773920012424138
0.130354062045417
0.195818924545418
0.279706876747115
0.387046881303467
0.53731038985841
0.721015902806268
0.947247483370475
1.22269040094658
1.56508269401757
1.97522313426033
2.46180264582014
3.04188073761593
3.71987406029114
4.50805433149113
5.41767254711176
6.46230149928139
7.65385853705905
9.00658509065373
10.5355706318996
12.2574557618255
14.1902774928398
16.353646390176
18.7691401279484
21.4592217487135
24.4481535499962
27.762050490382
31.4288343144894
35.4784461967584
39.9429196405734
44.8564304753226
50.2554330359899
56.1787704889946
62.667775428793
69.7663798630734
77.5212317793493
85.9818172723724
95.200587756172
105.233091869178
116.138111666308
127.97780269752
140.817837634817
154.727553226841
169.780100505921
186.052598310177
203.626290279508
222.586705517526
243.023823073021
265.032240282292
288.711344820519
314.165490011467
341.504172482272
370.842210513992
402.299920235802
436.003284809714
472.084108375364
510.680140723249
551.93514843137
595.998889415834
643.026912341632
693.180030357574
746.62312128288
803.522453892515
864.039290271711
928.312173198941
996.352542431131
0.684472357472592
0.684472357481597
0.684472358625227
0.684472377166452
0.68447250500995
0.684473060985557
0.684474878286915
0.684479773451175
0.684491242268133
0.684515428015693
0.68456240744128
0.684647839962575
0.684795025675718
0.685037417984439
0.68542163707753
0.686011031200681
0.686889833857155
0.68816796695476
0.689986542784944
0.69254879222652
0.696066755861297
0.700815626094239
0.707135944004176
0.715440343322546
0.7262247810809
0.740081051638231
0.757710715014125
0.779940577420525
0.807739857658266
0.84225402928657
0.885188019295147
0.937734165436962
1.00164963150331
1.0793793613874
1.17299006611303
1.2857506045847
1.42077606108772
1.58152027558024
1.77152456820582
1.99603591212393
2.25962464189225
2.56796159964217
2.92750243760882
3.34519211920074
3.82814237537917
4.38468709540555
5.02381570373852
5.75539470700975
6.59027141398454
7.54019478004123
8.61789117963431
9.83705518189659
11.2125484284898
12.7603932822214
14.4978836539622
16.443649310658
18.6177637840141
21.0418474370479
23.7388469784719
26.7334510648967
30.0518948440817
33.7223384642556
37.7749449084659
42.2418377487623
47.1572947603139
52.5578679537974
58.4824721702845
64.9724951315683
72.0719126587009
79.8274084550042
88.2884983628069
97.5076589965989
107.540460568798
118.445703652406
130.285559604208
143.125714413612
157.035515835069
172.088123779726
188.360664051587
205.9343855861
224.894821366584
245.331953147896
267.340380003115
291.019490517185
316.473638152806
343.812318847137
373.150349150089
404.608041989404
438.311375107319
474.392143769949
512.988083434837
554.242937620294
598.306427036943
645.334039785472
695.486488516599
748.928476514299
805.825950275501
866.339515234186
930.606156725557
998.630095501258
0
0
0
0
0
0
0
0
0
0
0
0
0
0
0
0
0
0
0
0
0
0
0
0
0
0
0
0
0
0
0
0
0
0.0254915368826659
0.0680366023285258
0.120290835391153
0.184451150707965
0.265869943072199
0.368460287959724
0.512492500819115
0.692031218734807
0.913203223527041
1.18248456523777
1.51504321396341
1.91769688726107
2.3962648581802
2.96462364322131
3.63367070461264
4.41158763768325
5.31133459749843
6.34476423426664
7.52619264646722
8.86859309555222
10.3873521998588
12.0988615233788
14.0210831859949
16.1734710671822
18.5772234410013
21.2554845642849
24.2323279457225
27.5336017154725
31.1870967017258
35.2226289102534
39.6721140623604
44.5696343021681
49.9515384086304
55.8565488110462
62.325868782723
69.4032939593098
77.1353288528239
85.5713083917654
94.7635243920291
104.767356765592
115.641409178878
127.447648813162
140.251549880586
154.122240616699
169.132653587773
185.359679287256
202.884323114968
221.791865906133
242.172028187921
264.119138282157
287.73230423992
313.115589374074
340.378190815157
369.634619983256
401.004883013422
434.614657769089
470.595461736332
509.084801119441
550.226284567106
594.169672602826
641.070811056684
691.091352245854
744.398055282021
801.161199607711
861.550885931357
925.727366931259
993.790481129492
0.712130364579299
0.712130364588319
0.712130365733757
0.712130384304277
0.712130512349772
0.712131069203836
0.712132889376562
0.712137792275117
0.712149279211795
0.712173503166762
0.71222055679274
0.712306124196376
0.712453542132248
0.712696316444428
0.713081139955912
0.713671458640855
0.714551633964578
0.715831750941406
0.717653123999983
0.720194556479622
0.723679414874514
0.728383586166416
0.734644396037812
0.742870577519207
0.753553393347
0.767279029903955
0.784742393878504
0.80676245101396
0.834299244117592
0.868790255612888
0.911375296160895
0.963495229722065
1.02695056249279
1.10413281855695
1.19694765791031
1.30903406762608
1.44285817260582
1.60249197196309
1.7911838888941
2.01401768883629
2.27577598260784
2.58195916286108
2.93897024440604
3.3538883393344
3.8337486580996
4.38676548337702
5.02198681985378
5.74924678581481
6.57930449133275
7.52392610086623
8.59582514786858
9.80873644709042
11.1774580151061
12.7179961423101
14.4476085361242
16.3848889392403
18.5499002638811
20.9643064198738
23.651164173569
26.6348639237207
29.9416295697227
33.5995533452457
37.6386884517635
42.0911069522175
46.9910129313142
52.3748564616619
58.281440816786
64.7520337911431
71.8304831003931
79.5633359177242
87.9999626707472
97.1926851485667
107.196908852279
118.071259414676
129.877722848846
142.681789378607
156.552600656766
171.563100273238
187.790187565607
205.314874839152
224.222448157025
244.602631859627
266.549756907912
290.162933011898
315.546224286742
342.80882783677
372.065254128458
403.435507143374
437.045260871521
473.026026317088
511.515299136315
552.65667099453
596.599875108452
643.500713169939
693.520765223632
746.826667792656
803.588481310383
863.975880809874
928.148173007236
996.201372173675
