0
0
0
0
0
0
0
0
0
0
0
0
0
0
0
0
0
0
0
0
0
0
0
0
0
0
0
0
0
0.00348385795217576
0.0248314425023081
0.0511803174100193
0.0835608005299221
0.123207131469948
0.17273443227342
0.244978815990521
0.336072973100538
0.446662710396225
0.581630556053986
0.753129376219308
0.96041509761115
1.2087391377245
1.51134728487579
1.87175536489784
2.2993071946295
2.80479189910563
3.39695168895433
4.08891149082922
4.89090773745534
5.81560232652497
6.87538938957164
8.08385577883014
9.45535186646259
11.005320885637
12.750970110823
14.709920420721
16.9012494963651
19.3456911116218
22.0657149468265
25.0855955635274
28.4314790515102
32.1314529899268
36.2156229220666
40.7161966458063
45.6675763570019
51.1064581321944
57.0719381219435
63.605624113799
70.7517511165069
78.5573003061245
87.072121133479
96.3490566719463
106.444072446353
117.416389035689
129.328618715992
142.24690634126
156.241074580667
171.384773559938
187.755634900739
205.435430108786
224.510233211469
245.070587442435
267.211675585372
291.033493132896
316.641022212682
344.144401886296
373.659089899086
405.305994941393
439.211552029247
475.507679602591
514.33150774464
555.824679071079
600.131876378554
647.398019219749
697.763095415105
751.352838832401
808.261307791963
868.515179412431
931.988098626085
998.007159447514
0.679956302708091
0.679956302717327
0.679956303890268
0.6799563229067
0.679956454026797
0.679957024251922
0.679958888130241
0.679963908756067
0.679975671514043
0.6800004771265
0.680048660581644
0.68013628256607
0.680287240122702
0.680535843447176
0.680929906088112
0.681534396428722
0.682435699339712
0.683746538498358
0.68561161231563
0.688214000008143
0.691798569704501
0.696667404268032
0.703146919095711
0.711659694524999
0.722713412235752
0.736913514485278
0.754977247602926
0.777749217703152
0.806218586116705
0.841544432650959
0.885406281794696
0.939072175355195
1.00432832138905
1.0836603069623
1.17913842096661
1.29409792074223
1.4315125994103
1.59518380181922
1.78863407813761
2.01691515684347
2.28518710247341
2.59887961107377
2.96432530795594
3.38875587596001
3.87976949735822
4.44542138566818
5.09495156807767
5.83835221413272
6.68647093385572
7.65108753791126
8.74493907566948
9.98180985762043
11.376582241244
12.9453187819051
14.7053174294573
16.6751004476939
18.8745604736511
21.3250880593347
24.0496643754635
27.072951441423
30.4213835541719
34.1232608684546
38.2088459076119
42.7104634745622
47.662604313802
53.1020328184491
59.0678988122435
65.601852400064
72.748161638584
80.5538330490093
89.0687350441536
98.3457244728244
108.44077654747
119.41311842864
131.325366705504
144.243668954262
158.237849493542
173.381559399394
189.752430795579
207.43223539051
226.507047171631
247.067409052924
269.208503037226
293.030322932426
318.637847572844
346.141210379663
375.655856937336
407.302673077394
441.208050785203
477.503829002058
516.326994005884
557.818934417617
602.123898848742
649.386064499032
699.744166071547
753.321762845447
810.208828851758
870.423089341406
933.814126138708
999.790435502313
0
0
0
0
0
0
0
0
0
0
0
0
0
0
0
0
0
0
0
0
0
0
0
0
0
0
0
0
0
0.000379264718165604
0.0216238192590949
0.0478333183963718
0.0800262160732584
0.119419337873542
0.167577937401126
0.237249545128948
0.327521877984303
0.437117725824727
0.569455897846545
0.737909927937942
0.943111702705073
1.1881579433643
1.48573168035906
1.84226901088935
2.26422614827498
2.7639062076215
3.3496211972196
4.03372456178866
4.82809492139452
5.74452044885722
6.79596925710685
7.99591845216818
9.35883097280601
10.9001626499862
12.6366861171908
14.5867685876087
16.769340568859
19.2050109983633
21.9161201702285
24.9268133994932
28.2631103980041
31.9529760245086
36.0263962645564
40.5154613484406
45.4544563573229
50.8799589980194
56.830944651793
63.34889748238
70.4779257674868
78.2648806153897
86.759477789348
96.0144226555221
106.085538474778
117.031898349997
128.915961138749
141.803711579966
155.764804797788
170.872715263832
187.204890236169
204.842907652189
223.872638425656
244.38441306873
266.473192498983
290.238742747814
315.785812960335
343.224315360645
372.669504308905
404.242148355585
438.068682220211
474.281311737651
513.018015891975
554.422331839937
598.642622758534
645.830612823875
696.137897252963
749.708796082151
806.665150613117
867.072084991348
930.832799372867
997.24755505462
0.690876105525032
0.690876105534297
0.690876106710884
0.690876125786432
0.690876257314142
0.69087682931192
0.690878698984439
0.69088373521762
0.690895534540959
0.690920417259246
0.690968750471832
0.691056644736728
0.691208071220424
0.69145744633849
0.691852731193691
0.692459093642336
0.693363181686891
0.694678058268953
0.696548849637332
0.699159162558653
0.702738330030999
0.707569551174859
0.713998998880189
0.722445978695476
0.733414234136175
0.747504506273903
0.765428467471515
0.788024157577479
0.816273051490702
0.85141093923473
0.894953806158264
0.948229978613866
1.01301321478513
1.09177590109402
1.18650223651626
1.30065646209486
1.43702434730115
1.59958819626777
1.79173536046831
2.01845557509717
2.28492842251056
2.596584419508
2.95976200819585
3.38161635450691
3.86973442870706
4.432150525878
5.07807899980641
5.81754467898559
6.66140107732828
7.62140915659049
8.71031413087957
9.94188764531951
11.3310065499029
12.8937198100541
14.6473276159511
16.6104204580693
18.8028608294641
21.2459870985393
23.9627190053743
26.9776494424882
30.3171369704841
34.0094001502224
38.0846145608976
42.5750128532249
47.5149881802946
52.9412015152599
58.8926938940823
65.4110015829969
72.5402738837858
80.3273937104814
88.8221009451235
98.0771187550615
108.148283144901
119.094676046431
130.978762227869
143.866530247771
157.827637610195
172.935560213048
189.267746130689
206.905773735381
225.935514133101
246.447297851563
268.536085643376
292.301643100407
317.848718408699
345.287221785455
374.732403430424
406.30502327322
440.131498327306
476.343998319983
515.080429221258
556.484181866293
600.703398939596
647.889304436197
698.19256424861
751.755680576219
808.696715467494
869.071822930697
932.773947861453
999.135439668849
0
0
0
0
0
0
0
0
0
0
0
0
0
0
0
0
0
0
0
0
0
0
0
0
0
0
0
0
0
0
0.0186560802556808
0.0447472229727276
0.0767804735390207
0.115958107883094
0.163723115572379
0.230352964766239
0.319789248408543
0.428496865787091
0.559443554260106
0.724326045909384
0.927657023912816
1.17034449572647
1.46323327000859
1.81623292431712
2.23357047210763
2.7278167978834
3.30805184811019
3.98534455998234
4.77274799049596
5.68176187423044
6.72566053793931
7.91788277040226
9.2729923312552
10.8064590337089
12.5349255501057
14.4767308340933
16.6511867922813
19.0787949613418
21.7817818719344
24.7841784128241
28.1118918630421
31.7927772826781
35.8567131439626
40.3356837577883
45.263868900669
50.6777399639131
56.6161638762685
63.1205140744742
70.234785763368
78.0057144796808
86.482897710266
95.7189195330057
105.769478471027
116.693518876349
128.55336618643
141.414866349876
155.347529630963
170.424678909743
186.723602518042
204.325711600636
223.316701963229
243.786720354013
265.830535106712
289.547711023788
315.042788249301
342.425464641657
371.810780465904
403.31930288655
437.077304842008
473.216926664425
511.876295599394
553.199550093149
597.336654032597
644.442759959161
694.676544226342
748.196162247749
805.149187357105
865.645381467789
929.669454038442
996.57170712377
0.70229963387506
0.702299633884259
0.70229963505264
0.702299653995133
0.702299784605417
0.702300352613427
0.702302209244706
0.702307210349418
0.702318927370707
0.702343636528176
0.702391632608618
0.702478913794824
0.702629284045854
0.702876919704323
0.703269447304274
0.703871580070868
0.704769361460087
0.706075065446581
0.707932805344603
0.710524906006064
0.714079098588747
0.718876603048186
0.725261171355395
0.733649174306596
0.744540826482046
0.758532656686994
0.776331343471009
0.79876904429607
0.826820348421998
0.861818776938531
0.905089239142387
0.958032396798684
1.02243449227112
1.10072372650116
1.19484420165675
1.30830899565268
1.44372336789259
1.60533993992014
1.79637210772335
2.02175931273731
2.28667231664073
2.59655161418426
2.95775737589176
3.37736673060304
3.86294621894039
4.42253662506645
5.06530638500974
5.80129067667791
6.64136204398951
7.59727110710978
8.68176620890581
9.90860868051934
11.2926712047622
12.8499904531189
14.5978567108386
16.5548888228994
18.7409985956599
21.1774844036099
23.8872166944394
26.8947314281288
30.226323422013
33.9101413265609
37.9762854236415
42.4569081537461
47.3863175164339
52.8010834067746
58.7401508833697
65.244955883501
72.3595431700203
80.1306870401361
88.608014698601
97.8441324478118
107.894754962564
118.818837972529
130.678714670684
143.540236115838
157.472915824687
172.550078674797
188.849014179078
206.451134150008
225.442134745762
245.912162871486
267.955986881965
291.67317147099
317.168256488327
344.550939161135
373.93625844365
405.444778797888
439.202767607864
475.342353815181
514.001641348359
555.324721022532
599.461460483288
646.566813429467
696.79904324973
750.315430900633
807.261664041836
867.743552044484
931.740005132229
998.566069727282
0
0
0
0
0
0
0
0
0
0
0
0
0
0
0
0
0
0
0
0
0
0
0
0
0
0
0
0
0
0
0.0158907352766187
0.0418799953623104
0.0737756155092457
0.112767391778049
0.160281968914855
0.224425287439774
0.312733448244463
0.42063667557379
0.550743442396754
0.712252136232891
0.91372305829496
1.15451097205975
1.44363263303734
1.79295195412588
2.20652281430394
2.69579457746113
3.27119118180404
3.94274737597524
4.72362370951585
5.62611423663628
6.6631324210724
7.84838966942396
9.196428048786
10.7227701080397
12.4440626392176
14.3782723142311
16.5452942448235
18.9655443643201
21.6611586333633
24.6560747926305
27.9761063484242
31.6490147205901
35.7045848393969
40.1747076808982
45.0934699762245
50.4972486799863
56.424813582778
62.9174390006315
70.0190193482726
77.7761875907752
86.2384366843944
95.4582439757258
105.491198712184
116.396132962737
128.235256308072
141.074294635228
154.982633291924
170.033464756616
186.303940890792
203.87532977587
222.833177100599
243.267472049026
265.272817630905
288.948605382003
314.399194247461
341.734093467707
371.068148790102
402.521730636182
436.220921312682
472.297694969419
510.890076904421
552.142253834104
596.204575017565
643.233316276985
693.389918411652
746.839016381231
803.743370331523
864.249163168154
928.430437168133
995.938961579494
0.714048144892995
0.714048144902135
0.714048146062895
0.714048164881848
0.714048294640312
0.714048858943857
0.714050703466461
0.714055671954712
0.714067312559355
0.714091860567541
0.714139543625459
0.714226255579678
0.714375645147942
0.714621665792064
0.71501163346311
0.715609839405945
0.71650176606593
0.717798955498847
0.71964458175983
0.72221978180446
0.725750803784271
0.730517037585073
0.736860000323286
0.745193359422781
0.756014087674995
0.769914857628336
0.787597795205658
0.80988972188749
0.837759016986022
0.872670156032539
0.915709061874669
0.96836898605318
1.03248618328991
1.11035511942948
1.20397163017346
1.31684229389081
1.45141494506927
1.61223105209803
1.80230739980623
2.02654784563271
2.29012495355294
2.59846586413282
2.95794285352911
3.37560809456845
3.85897614322714
4.41610816694696
5.05612747739712
5.78905154242998
6.62577684730143
7.57806604253583
8.65865260902321
9.88129979554083
11.2608712179477
12.813394402622
14.5561430382037
16.5077241360714
18.6881487658921
21.1186916530625
23.8221870196793
26.8231267990885
30.1477546218204
33.8241609381883
37.8823820913597
42.3545017796485
47.2747551934212
52.6796321144078
58.607992948071
65.1011854654734
72.2031626792649
79.9606036937131
88.4230371513863
97.6429673835093
107.676003507552
118.580991798597
130.420151679465
143.259215636833
157.16757329862
172.218419826643
188.488908706953
206.060308968193
225.018166826648
245.452471739174
267.45782683126
291.133623648137
316.584221022831
343.919127932387
373.253189576643
404.70677525938
438.405965027435
474.482728478112
513.075081768533
554.327193320857
598.389375900393
645.417832384428
695.573856143796
749.021776265729
805.923677514178
866.42404217952
930.591381803471
998.04642936195
0
0
0
0
0
0
0
0
0
0
0
0
0
0
0
0
0
0
0
0
0
0
0
0
0
0
0
0
0
0
0.0132961610105598
0.0391962835981363
0.0709715769191361
0.10980084057125
0.157097582924495
0.219258102790769
0.306233169333252
0.413396327196019
0.54276778806994
0.701431292294669
0.901015175650569
1.14010704494236
1.42611283672983
1.77185077995883
2.1822015559776
2.66699619748193
3.23798439035232
3.90445706170395
4.67937324836464
5.57602319570387
6.6067566929945
7.78569719077761
9.1272807182893
10.6471210864801
12.3618616581116
14.2894152300095
16.4494802846858
18.8628870879732
21.5516912491523
24.5397462711312
27.8527815993787
31.5184753357002
35.5665283558193
40.0287474374245
44.9391391601082
50.3339964220995
56.2519962862389
62.7343210176196
69.8247741770931
77.5698972683349
86.0190902927387
95.2247357240136
105.242325732441
116.130592788378
127.951643943883
140.771099131838
154.658233771922
169.686125879556
185.931807777257
203.47642243152
222.405384390777
242.808545277388
264.780363778598
288.420080074683
313.831894582282
341.125150878556
370.414522398212
401.820202033051
435.468092781461
471.489995448773
510.023784883558
551.213556764782
595.209707125942
642.168865009316
692.253504429423
745.63084132979
802.470005428001
862.934327411007
927.154489344967
995.07805790821
0.725881991812841
0.725881991821926
0.725881992975648
0.725882011680479
0.725882140652058
0.725882701533546
0.725884534870569
0.725889473228852
0.725901043242461
0.72592544238674
0.725972836286421
0.72605902240829
0.726207506070675
0.726452034864961
0.726839637883705
0.727434216670013
0.728320735663989
0.729610061289066
0.731444500909575
0.734004095969585
0.737513728004547
0.742251102232151
0.748555681368291
0.756838652328754
0.767594020414962
0.781410938752306
0.798987393621732
0.821145376196652
0.84894528726201
0.883725994431885
0.926564678634736
0.978979603025831
1.04285865830963
1.12035994955918
1.21353538249292
1.32588748844296
1.45972540484119
1.61985594554054
1.80909647971043
2.03232879170851
2.29474263123632
2.60173574279479
2.95968112006557
3.37563453174438
3.85705194824096
4.41201065182972
5.04959672334583
5.77980334351375
6.61354697606516
7.56260822715252
8.63969687594279
9.85858736407758
11.2341297139974
12.7823482217369
14.5205038077471
16.4671877077413
18.6424222526143
21.0675594631035
23.7654044020559
26.7604134735422
30.0787890553677
33.7485714541882
37.7997414750619
42.2643228742439
47.1765011727777
52.5726804597182
58.4916411685523
64.9746540739181
72.0655920853848
79.8110508828424
88.2604723924403
97.4662709908665
107.483962578833
118.372296807399
130.193392802058
143.012878717434
156.900035394012
171.927944305999
188.173639910471
205.718266446299
224.647239191399
245.050410165001
267.022238249172
290.661963690272
316.073786863848
343.367051188697
372.656429747261
404.062114705788
437.710007596109
473.731906275698
512.265679690247
553.455411744435
597.451475074544
644.410452333011
694.494725045544
747.871321811988
804.708976100495
865.170092770278
929.382618295681
997.28108413461
0
0
0
0
0
0
0
0
0
0
0
0
0
0
0
0
0
0
0
0
0
0
0
0
0
0
0
0
0
0
0.0108489193628967
0.0366702068351841
0.0683391779958602
0.10702477305638
0.154130148469454
0.214702911246564
0.300204101098547
0.406702410774514
0.535395722594312
0.691668705171031
0.889328929068164
1.12689730588937
1.41028197821251
1.75263704887494
2.16009341998862
2.64088667950572
3.20776989108715
3.86971821632171
4.63963151535469
5.53053376475134
6.55562128168406
7.72863849075886
9.06426872223085
10.5780848672725
12.2867660469362
14.2082166913867
16.3618178422286
18.7688660799089
21.4513537701355
24.4330659341208
27.7396698601114
31.3987863377431
35.4400242066545
39.8951029642113
44.7979494363067
50.1847837795929
56.0942090819326
62.5673277322426
69.6478616524477
77.3822694094095
85.819866541631
95.0129493531116
105.016921992822
115.890426861128
127.695478592352
140.497601950571
154.365973956572
169.373570482051
185.597317447514
203.118246673679
222.021656376787
242.397276266426
264.339437192149
287.947245280219
313.324760467216
340.581179319582
369.831021861761
401.194321804215
434.796818869184
470.770150407277
509.252036321959
550.38644467052
594.323711451412
641.220559133137
691.23989479086
744.550124066633
801.323336117968
861.730476276472
925.925609641084
993.966674046956
0.737702175660847
0.73770217566988
0.737702176817052
0.737702195415692
0.737702323655078
0.737702881352345
0.737704704281201
0.737709614603597
0.737721118932389
0.737745379559225
0.737792504398499
0.73787820123751
0.738025841966808
0.73826898262946
0.738654385430655
0.739245589375017
0.740127077069835
0.741409086615023
0.743233119613249
0.745778199448749
0.749267938418248
0.753978478389091
0.760247377707238
0.768483527241729
0.779178190591433
0.792917276915505
0.810394968059052
0.832428831927025
0.860238091085937
0.894876684448806
0.937540184434959
0.989740642000503
1.05341748005254
1.13059406133378
1.22337967619026
1.33527251608394
1.46846183484789
1.62799682130273
1.81649870545078
2.03883483734752
2.30022365326399
2.60602275959696
2.96259733806299
3.37702216195892
3.85670211895947
4.40971813475423
5.04513336367893
5.77291665525764
6.60397459929032
7.55009922184702
8.62402318961488
9.83949917629016
11.2113836194013
12.7556896298969
14.4896698791437
16.431897131289
18.6023689779973
21.0225496616867
23.7152233817488
26.7048205289903
30.0175706142127
33.6814033724834
37.7262377102049
42.1840481000797
47.0889629581848
52.4773408349423
58.3878959548245
64.861829454964
71.9429418945783
79.6777535106059
88.1156277814304
97.3088977563016
107.31299518735
118.186582700025
129.991689335811
142.793849816643
156.662247834432
171.669863590653
187.893625727381
205.414567720873
224.317988759689
244.693619100719
266.635789881365
290.243607355056
315.621131469897
342.87755869622
372.127408810024
403.490714996872
437.093215913496
473.066546768921
511.548423181846
552.682804672223
596.620010299411
643.516729039076
693.53580157351
746.845500517742
803.617639674066
864.02254717701
928.212592635277
996.238585509464
0
0
0
0
0
0
0
0
0
0
0
0
0
0
0
0
0
0
0
0
0
0
0
0
0
0
0
0
0
0
0.00853046762051396
0.0342816347070043
0.065855969209459
0.104414182810134
0.151349097997015
0.210650282965671
0.294570198575512
0.400497176457996
0.528538386183929
0.683242750529331
0.878514206763284
1.11471044906509
1.39602088849992
1.73521432595113
2.13984508061116
2.61714619724477
3.18012158974698
3.83799647454739
4.60328596309773
5.48888318415303
6.50877721977654
7.67629102786199
9.00640415588554
10.5146188494925
12.2176687325139
14.1334489221317
16.2812277811523
18.6822586463182
21.3588134073606
24.3346359567951
27.6353052305119
31.2883594948762
35.3233347546609
39.7718758999996
44.6678372847677
50.0473709984637
55.9490158432433
62.4138063940972
69.4853919301327
77.2101554118684
85.6373347319071
94.8191468792313
104.810915120721
115.671199338538
127.461929799911
140.248544716988
154.100131946694
169.089575106686
185.293704282548
202.79345140619
221.674010314674
242.025001456704
263.940641195176
287.519915647745
312.866758985674
340.090236094234
369.304729388727
400.630129334288
434.192027699226
470.12191145241
508.557352847561
549.642186282979
593.526652220534
640.367467025154
690.327731194569
743.576484999423
800.287458655821
860.6357551458
924.787495877131
992.851631745811
0.749479464730022
0.749479464739009
0.749479465880395
0.749479484385227
0.749479611977797
0.74948016686214
0.749481980596476
0.749486866152124
0.749498312455343
0.749522450716868
0.749569337870738
0.749654602484031
0.749801498584273
0.750043413018748
0.750426872267622
0.751015095167355
0.751892138886091
0.753167686898192
0.754982529853088
0.757514793401272
0.760986971551581
0.765673830333226
0.771911254731191
0.780106122224356
0.790747298648778
0.804417865859484
0.821808704246188
0.843777617094069
0.871592988661102
0.906097571518765
0.948595669905359
1.00059334159379
1.06408983425513
1.14097394211394
1.23345634324911
1.34491177560131
1.4776075232453
1.63653250637031
1.82436193536978
2.04589524024619
2.30637775269054
2.61111076715458
2.96644327481833
3.37948097034565
3.85760099476449
4.40886025130983
5.04231412894226
5.76790722480503
6.59652532604623
7.53997359487815
8.61101111910851
9.82336675036115
11.1919068324346
12.7326322534722
14.4627907269829
16.4009395224945
18.5670492703134
20.982640031022
23.6706305939909
26.6553382308337
29.9629155371866
33.6212855060852
37.6603254151231
42.1119638499485
47.010277771932
52.3915798265961
58.2945319409792
64.7602738771778
71.8325407182996
79.5577839011756
87.9852951996553
97.1673333327483
107.159253247299
118.019638305938
129.810435714682
142.597095555339
156.448713755039
171.438179252472
187.642325534677
205.142086640827
224.022657671485
244.373659805404
266.289309806197
289.868593989581
315.215446589676
342.438932444528
371.653433789983
402.978840691152
436.540744095981
472.47062932223
510.906065321401
551.990879916636
595.875300535612
642.716017808906
692.676081386823
745.924430298256
802.634587871207
862.981205043983
927.129221745996
995.183024625793
0
0
0
0
0
0
0
0
0
0
0
0
0
0
0
0
0
0
0
0
0
0
0
0
0
0
0
0
0
0
0.00632512588189484
0.0320133789994506
0.0635027946920361
0.101947812607103
0.148728663895522
0.207014125833863
0.289280124467968
0.394689355889358
0.522120412217437
0.675610726081893
0.868439244560698
1.10338136968554
1.38293423411537
1.71915363653881
2.12112946968375
2.59533642041293
3.15461379132549
3.80877563332295
4.56976849277393
5.45045760119144
6.46553744213927
7.62791868251198
8.95289445888841
10.4558745158118
12.1536627349947
14.0641424036159
16.2065741579214
18.6019337213682
21.2729426012939
24.2432645502307
27.5383981105198
31.1858012621183
35.2149498518453
39.6574298156158
44.5470335008858
49.9198508878443
55.8143608310291
62.2715361582245
69.3349601663689
77.0509464593145
85.468661203178
94.6402479186185
104.62095496439
115.469265937906
127.247033323956
140.019615787772
153.856019501055
168.829043818895
185.01543152289
202.496023743096
221.355919590017
241.684640475373
263.576299073848
287.12977286806
312.448882203759
339.642572767512
368.825102323832
400.116231362553
433.641416906811
469.532007868914
507.925438512553
548.965412752173
592.80206406879
639.592059343019
689.498579620511
742.691033163085
799.344165348107
859.635664339656
923.738900293492
991.791141830481
0.761151689195389
0.761151689204335
0.761151690340545
0.761151708761458
0.761151835775394
0.761152388143333
0.761154193652375
0.761159057052025
0.761170451446385
0.761194480241756
0.76124115476638
0.76132603271977
0.761472262695998
0.761713080196034
0.762094800858026
0.762680357179573
0.763553425908851
0.764823194715
0.766629818939172
0.769150622459471
0.772607101306553
0.777272794995183
0.783482098907365
0.791640101653258
0.802233544019531
0.815843010215597
0.83315647610571
0.855206359070735
0.882919408462439
0.917296720787558
0.959637609624887
1.0114423558797
1.0747836930475
1.15140426093572
1.2436477752396
1.35468601288594
1.48699853807961
1.64531267980732
1.83253712077745
2.05334364362023
2.31301430293253
2.61678500381459
2.97098660947798
3.38275911752657
3.85946710592286
4.40912620770544
5.040793128792
5.76438928440527
6.59077475464961
7.53176905699358
8.6001563830916
9.8096409743143
11.1751016371592
12.7125258029201
14.4391593900177
16.3735472042456
18.5356399681016
20.9470988857354
23.6307513683154
26.6109030554983
29.9136741120778
33.566977547839
37.6006605601702
42.0466119948107
46.9388631708134
52.3136826757836
58.2096855670659
64.6679570058602
71.7321726920241
79.4487210819291
87.8668280283311
97.0386838143234
107.019572686859
117.868005138672
129.645853285329
142.418489721494
156.254930217011
171.227980546035
187.414387656001
204.894995299927
223.754904189384
244.083636681042
265.97530598419
289.528789862725
314.847908780875
342.041608423307
371.224146428687
402.515282975171
436.040474433809
471.931068399769
510.32449650211
551.364457412141
595.201074224537
641.990993334428
691.897355402106
745.089488627489
801.741976251291
862.0321586579
926.132531099439
994.177197150781
0
0
0
0
0
0
0
0
0
0
0
0
0
0
0
0
0
0
0
0
0
0
0
0
0
0
0
0
0
0
0
0
0.0211459109618726
0.0573748515200914
0.10219318711674
0.157728377196131
0.228976077082029
0.321715900808266
0.449367848990488
0.609190299653045
0.80680256715841
1.05021321677503
1.3517544728441
1.715294572238
2.15006033759703
2.66790279575113
3.27526181009181
3.98325640122166
4.80307373057845
5.74526066310339
6.8216675524474
8.04527237833539
9.43027429882817
10.9921828029346
12.7482623215408
14.7165493495289
16.9165472535991
19.3693742808202
22.0978203857514
25.1264174595721
28.4815177984324
32.1913777384043
36.2862463141508
40.7984591563528
45.76253763312
51.2152932103248
57.1959371141574
63.7461942146811
70.9104200985579
78.7357210821145
87.2720771798962
96.5724682012724
106.693003256679
117.693053982053
129.635391754645
142.586329103686
156.615865441388
171.797837170998
188.210072175486
205.934548647502
225.057558192674
245.669872890427
267.866916073327
291.748936062422
317.421180735783
344.994069385478
374.58335443824
406.31025691783
440.301545506669
476.689500290396
515.611651187466
557.21009078019
601.6300045915
649.016791080951
699.510563152233
753.235565779725
810.27811489593
870.63202560089
934.021334680928
999.188619452582
0.643976910389726
0.643976910399036
0.64397691158148
0.643976930751969
0.643977062934305
0.64397763777898
0.64397951675711
0.643984578056623
0.643996436109389
0.644021442686325
0.644070016520035
0.644158348467679
0.644310529340224
0.644561147746993
0.644958405713513
0.645567800540609
0.646476422545785
0.647797920184598
0.649678186872493
0.652301827957932
0.655899472110017
0.660755999228913
0.667219767080076
0.675712931088221
0.686742965400962
0.701028039713184
0.719250380451023
0.742226153447649
0.770955953188526
0.80660645546754
0.850617960481226
0.904846986258483
0.970793620413996
1.05084797310865
1.14763888357525
1.2637167212683
1.40274984130644
1.56801914890864
1.76335889667212
1.9940679166863
2.26483866282682
2.58135123976592
2.94993948206896
3.37779147661268
3.87236567519844
4.44176482369125
5.09516638998541
5.84255712430516
6.6947703821023
7.66355784135872
8.76166287318457
10.0028905641204
11.4021657389883
12.9756054425608
14.7405707953263
16.71568051584
18.9209217528893
21.3777754812995
24.1093096655196
27.1402700926094
30.4971731272875
34.2084008613436
38.3042991438852
42.8172787761684
47.7819201873027
53.235081969669
59.216013465059
65.7664702012292
72.9308320210539
80.7562240105092
89.292640313713
98.5930710487568
108.713632596684
119.713701541927
131.656052507694
144.607000072135
158.63654488795
173.818524071272
190.230765878461
207.955248645869
227.07826390901
247.690583505504
269.887630251409
293.76965128173
319.441892117087
347.014767500051
376.604020906883
408.330856227415
442.322009814271
478.709701787378
517.631352934184
559.228861261857
603.647072668939
651.030792284874
701.519088704874
755.234263267095
812.258490070582
872.573954151193
935.848226048191
1000
0
0
0
0
0
0
0
0
0
0
0
0
0
0
0
0
0
0
0
0
0
0
0
0
0
0
0
0
0
0
0
0
0.01587563213438
0.0517600636824281
0.0961001279880594
0.150849549773199
0.220441695633155
0.310214079256745
0.433759482687248
0.590747952447702
0.78488552665059
1.02289053054235
1.31878697109624
1.67710566114889
2.10454796373278
2.61568589662952
3.21621469816584
3.9168657581903
4.72869848410541
5.66341341277938
6.73227887909844
7.94837818607142
9.32579142542366
10.8799748320729
12.6278085405834
14.5878994679808
16.7795618217796
19.2238261433027
21.9433860427177
24.9626733683134
28.307937749772
32.0073304398396
36.0909929718019
40.5911508776795
45.5422122842886
50.9808712740578
56.94621718637
63.4798487108757
70.6259910188355
78.4316157048398
86.9465635770683
96.2236704283515
106.318896062075
117.2914569068
129.203962538411
142.122556364021
156.117060637518
171.261125896667
187.632384849963
205.312610700398
224.387879865697
244.948739024455
267.090376357453
290.912796713431
316.521000111976
344.025162135611
373.540813449407
405.189012953175
439.096500382835
475.395802484576
514.225236429572
555.728695622917
600.054979031237
647.356224310693
697.784382296813
751.483526371585
808.57213459037
869.096629556352
932.876466373615
998.752455242595
0.653160892245669
0.6531608922549
0.653160893427324
0.653160912435358
0.653161043497553
0.653161613470869
0.653163476526131
0.653168494935114
0.653180252500309
0.653205047166824
0.653253209378458
0.653340792793453
0.653491684089377
0.65374017881051
0.654134070622237
0.654738302050517
0.655639225963951
0.656949528923011
0.658813870361266
0.661415295722197
0.664982487534499
0.669797926330701
0.67620704353246
0.684628460864657
0.695622338513981
0.709826030932025
0.727897114216018
0.75068257645092
0.77917504267306
0.814532033963944
0.858249808334381
0.912035130202938
0.977447944153554
1.05691657340345
1.15292176767411
1.26814416703149
1.40615334402101
1.57026836586527
1.76425916863893
1.99338282727985
2.26234928525662
2.57682788540331
2.94314719555861
3.36844849945626
3.86016284714403
4.42638874696294
5.07627174510263
5.81979870309893
6.66781349723311
7.63206255888026
8.72526839549919
9.96122117436277
11.3548284263959
12.9221900218219
14.6806662270234
16.6489198491833
18.8469149011037
21.2960823783061
24.0194306670772
27.0416376012454
30.3891439724019
34.0902493217841
38.1752105833221
42.6763435575901
47.6281274389286
53.067312908559
59.0330354683945
65.566931289312
72.7132554718632
80.5190030438923
89.0340327070705
98.311193525624
108.406454836445
119.379039688313
131.291562095612
144.21016833594
158.204682452011
173.348756053138
189.720022460047
207.400255199845
226.475530828765
247.036396023584
269.178038810302
293.000463637844
318.608669650826
346.112830754218
375.628474415151
407.27665271925
441.184091910425
477.483291960424
516.312517301211
557.815558564592
602.141022967878
649.440667552631
699.865697036781
753.558643305148
810.634426350185
871.129149090365
934.814903393747
1000
0
0
0
0
0
0
0
0
0
0
0
0
0
0
0
0
0
0
0
0
0
0
0
0
0
0
0
0
0
0
0
0
0.0110180061960182
0.0466120551519034
0.0905465699625953
0.144727258351736
0.212908484637387
0.30045195786065
0.419717605752444
0.574460705923012
0.765482964881587
0.999691282550716
1.28964347927563
1.64325840246281
2.06525358505277
2.56932576674118
3.16399128902582
3.85790060360514
4.66266904404757
5.59048098796977
6.65250516780424
7.86177263818389
9.23230359811057
10.7794933176055
12.5200938491154
14.4725796665698
16.6566144619033
19.093108664632
21.8046629254887
24.8156215579206
28.1521456056657
31.8422949907533
35.9161168580755
40.4057395475566
45.345471213684
50.7719018915322
56.7240124210956
63.2432893611787
70.373842355259
78.1625240242274
86.6590526445646
95.9161376914166
105.989608492147
116.93854633179
128.82542036441
141.716227632246
155.680637408446
170.792139988586
187.128199981573
204.770414100087
223.804673422236
244.32133007983
266.415368308224
290.186579742363
315.739742712535
343.184805068548
372.637069364514
404.217377930816
438.052292511598
474.274257037242
513.02171912502
554.439157097424
598.676881474923
645.890426950315
696.238854944392
749.880609392691
806.962799327661
867.589821929772
931.708801163878
998.368629816812
0.662869027486226
0.662869027495389
0.662869028659166
0.66286904752701
0.662869177622587
0.6628697433922
0.662871592706946
0.662876574103872
0.662888244954089
0.662912856754164
0.662960663759879
0.663047601235154
0.6631973797035
0.663444041814445
0.663835028850716
0.664434804619418
0.665329085656436
0.666629728551434
0.668480328058846
0.671062583848058
0.674603499651883
0.679383486569291
0.685745452617204
0.69414678350079
0.705121739771787
0.719222531799606
0.73716286713184
0.759783750377773
0.788070864589298
0.823173741142962
0.866657869072403
0.920069540327784
0.985031850737121
1.06401001064485
1.15932640955143
1.2738272161975
1.41094866063854
1.57407613791658
1.76690555867729
1.99467207895173
2.26207003208234
2.57476515271928
2.93911581306717
3.36220029483193
3.85139113439444
4.41483667814434
5.06163142541238
5.80174804366898
6.64604423144622
7.60626392796247
8.6951177392142
9.92637786586667
11.3149376837046
12.8768791303229
14.6295496962818
16.5916291374207
18.7831237220941
21.2254265174762
23.9414985730722
26.9559625111602
30.2951962822212
33.9874292970633
38.0628420365785
42.5536681655053
47.4942991631515
52.9213908672609
58.8739785747162
65.3935935841448
72.5243815031435
80.3132233660948
88.8098593975853
98.0670155769827
108.140533274146
119.089502281573
130.976397564132
143.867219998124
157.831641299058
172.943153263271
189.279221387154
206.921442884685
225.955709097142
246.472372269465
268.566416640712
292.337633735168
317.890801597724
345.335867460913
374.788132579648
406.3684365699
440.203335522665
476.425261618991
515.172638079764
556.589893502098
600.82725524339
648.040061844731
698.386969333041
752.025505454303
809.100443409578
869.708676726773
933.758503408994
1000
0
0
0
0
0
0
0
0
0
0
0
0
0
0
0
0
0
0
0
0
0
0
0
0
0
0
0
0
0
0
0
0
0.0065034122362481
0.0418485997360663
0.0854345663154303
0.139132444235736
0.206170278025372
0.292163402578236
0.406943627617116
0.559892199021583
0.748110165754041
0.979226639783998
1.26355242238508
1.6129477503041
2.03049403452683
2.52778338144346
3.11719647216089
3.80508913857817
4.6038890633257
5.52497358909536
6.58082196606519
7.78379760290657
9.1480704767759
10.6889089652515
12.4230233953961
14.368556884189
16.5456410437647
18.9750649719149
21.6793666584412
24.6828213832909
28.0115169778562
31.6934359055421
35.7585433397601
40.2388822588625
45.1686732789972
50.5844142754277
56.5249884643256
63.0317818643241
70.1488011294632
77.9227931782638
86.4033677194843
95.6431226224407
105.69777229665
116.626279395492
128.490990212895
141.357774113848
155.296167259727
170.379520792428
186.685153554313
204.294509358082
223.2933187841
243.771765465626
265.824656812869
289.551599107768
315.057176807368
342.451135869504
371.848570461476
403.370111749979
437.14211599087
473.296845915301
511.972632655958
553.313991251555
597.471632776735
644.602251430001
694.867813281967
748.433689037121
805.463752644161
866.10551377308
930.428759287916
997.988774995372
0.672931341536786
0.672931341545893
0.672931342702382
0.672931361452071
0.672931490732952
0.672932052959556
0.672933890693372
0.672938840895396
0.672950438659537
0.67297489633398
0.67302240396044
0.673108797014918
0.673257637548321
0.673502755050545
0.673891293775407
0.674487313981989
0.675375995735517
0.676668495791662
0.678507510951655
0.681073605473537
0.684592366050548
0.689342455901993
0.695723260782837
0.704120634240406
0.71502569769668
0.729036760961282
0.746863054494611
0.769340342340674
0.797448220589134
0.832329206865683
0.87563514601747
0.928732424901296
0.99331464492179
1.07187012397738
1.16657095814845
1.28045992779635
1.41680900463206
1.57908793205807
1.77091259200036
1.99749867038267
2.26353119100292
2.57466478721165
2.93729214992972
3.35843763322426
3.8454059061057
4.4064082595162
5.05049056185782
5.78759785231182
6.62859251808885
7.58521989966894
8.67019995985907
9.89727640043061
11.2813337717527
12.8384347138721
14.5859078801833
16.5424239734317
18.7280599204371
21.1641943542197
23.8737529352933
26.881314988701
30.2132075990818
33.8976010178422
37.9646102101244
42.4463980457431
47.377281212742
52.7938309167271
58.7349932239952
65.2422067992921
72.3595206606695
80.1337153681441
88.6144268428553
97.8542728922532
107.908982673886
118.837529421094
130.702266776147
143.569069040642
157.507475582098
172.59083955468
188.896481020235
206.505844503152
225.504660980222
245.983114288668
268.036011921571
291.762960153107
317.268543332136
344.662507159382
374.05994525605
405.581487656598
439.353488288628
475.508205113409
514.183959523768
555.525246728895
599.682737483754
646.813043529806
697.077959094639
750.642478546952
807.669550108781
868.303803416622
932.601778274241
1000
0
0
0
0
0
0
0
0
0
0
0
0
0
0
0
0
0
0
0
0
0
0
0
0
0
0
0
0
0
0
0
0
0.00227726805110556
0.0374059723024724
0.0806883862876221
0.1339652431644
0.200065599588067
0.284872738346168
0.395214406051487
0.546765113566779
0.732383438612996
0.960758579775999
1.23989000177489
1.58553433313976
1.99901591130575
2.49014615674694
3.07474862947637
3.75727088455955
4.55051310440789
5.46548613094698
6.51567670670386
7.71289006369263
9.07144295925431
10.6064809563892
12.3346827577732
14.2741303630444
16.4447018654305
18.8675850899021
21.5652270826748
24.5618320865971
27.8834222176416
31.5579127043738
35.6151952082131
40.0872361199167
45.0081803096498
50.4144441914476
56.3448200781802
62.8406018452024
69.9457036016316
77.7067778434443
86.1733374139868
95.3978806410489
105.436019528073
116.3466111896
128.191892867026
141.037620882742
154.953213832303
170.011900219333
186.290870642384
203.871434567941
222.839181676512
243.284147745532
265.300985023769
288.989137044029
314.453017767317
341.802194935541
371.151577259727
402.621604644722
436.338439744008
472.434157161406
511.046922464211
552.321144488464
596.407566323496
643.463222499879
693.651105985878
747.139197173004
804.097994794583
864.694010593089
929.067857756268
997.215794488334
0.683172342990912
0.683172342999969
0.683172344150299
0.683172362800121
0.683172491392412
0.683173050624425
0.683174878569905
0.683179802405636
0.683191338396549
0.683215665802056
0.683262920388957
0.683348853289899
0.683496901060756
0.683740713015035
0.684127182326169
0.684720028105071
0.68560397684527
0.686889593505012
0.688718815354559
0.691281759244777
0.694819119394309
0.699594156303732
0.705949270291111
0.714299337934204
0.725142996248293
0.739075213127222
0.756801273999544
0.779152321173354
0.807102577602393
0.841798699531165
0.884963096403933
0.937789704132915
1.00204410762271
1.08022056472481
1.17436615927896
1.28773733091644
1.42341055363241
1.58495106413301
1.77589431063549
2.00143659949633
2.26626689130558
2.57602237105024
2.93712398870333
3.35654853960849
3.84154710837449
4.40038054123532
5.04205400728645
5.77647895785336
6.61452159807053
7.56793311169126
8.64943873548465
9.87275910569588
11.2527702060757
12.8055187582339
14.5483174376169
16.4998196279017
18.6801074159466
21.110630627108
23.8142847820642
26.8156141327366
30.1409058821396
33.8182778750736
37.877787616408
42.3515362836866
47.2737812820358
52.6810135669306
58.6120968040758
65.1083874467188
72.2138490142934
79.9751730344871
88.4419028664598
97.6665602528466
107.704774727949
118.615416164828
130.460730809442
143.306481139259
157.222089822309
172.280787969836
188.559767795756
206.140339733707
225.108094021857
245.553066743554
267.569910299985
291.258068277788
316.721954610498
344.071136922423
373.420523658195
404.890554170408
438.607389992489
474.703103472314
513.315855654264
554.590046349115
598.676400728782
645.731917916018
695.919520915726
749.407051236983
806.364727046605
866.95847285277
931.327327713577
999.459273271997
0
0
0
0
0
0
0
0
0
0
0
0
0
0
0
0
0
0
0
0
0
0
0
0
0
0
0
0
0
0
0
0
0
0.0332389873448585
0.0762542469389939
0.129160382619937
0.194494392961158
0.278159412644344
0.384969774266721
0.534680320351436
0.718049129663533
0.943904744814153
1.2188968216671
1.56056231707798
1.97032446120592
2.45652727178137
3.03604319174607
3.71385860595987
4.50187911043376
5.41154731040135
6.45631537317686
7.6482522417777
9.0015282453148
10.5312506063812
12.2540494263062
14.1879586126868
16.3525788195807
18.769474385717
21.4610273552139
24.451387905832
27.7665332852161
31.4343340501179
35.4846031839276
39.9492301729594
44.8622885629127
50.26012796676
56.1814650055572
62.6675113759762
69.7620993848807
77.511797649508
85.966032586642
95.1772135217089
105.200860879167
116.095737518358
127.923983516273
140.751254766437
154.646865728709
169.683936577159
185.939544892956
203.494881963565
222.435413690698
242.851046077179
264.836295249337
288.49046196535
313.91781052653
341.2277519909
370.535031431591
401.959918671552
435.628401274669
471.672377162039
510.229841246258
551.445054255181
595.468668976133
642.457762210899
692.575661891891
745.991326711204
802.877694146533
863.407331950594
927.738549872415
995.947922575083
0.693608649279402
0.69360864928851
0.6936086504453
0.69360866919986
0.69360879851433
0.693609360887006
0.693611199098261
0.693616150586201
0.693627751362294
0.693652215384745
0.693699735327584
0.693786150731269
0.693935029622575
0.694180209891943
0.694568847084483
0.695165015899948
0.696053913754231
0.697346716430756
0.699186138404842
0.701752754176776
0.705272142262378
0.71002292072635
0.716345752583782
0.724653411089611
0.735442008481588
0.749303505968736
0.766939635348149
0.789177369762058
0.816986077263425
0.85161015034858
0.894579101794957
0.94716728907566
1.0111329224543
1.08898191807978
1.18265110110126
1.29558939808846
1.4306464697121
1.59154267139907
1.78172135714448
2.00633970869261
2.27011938492404
2.57866292752631
2.93839971944939
3.35630234600366
3.83956805691233
4.39646734678524
5.03599833190299
5.76804244976417
6.60344827050972
7.55397558329464
8.63235623207694
9.85230024181878
11.2286732333435
12.7775067184124
14.5160986072756
16.463080094376
18.6385120546958
21.0639433001026
23.7622486752552
26.7579489397548
30.0773289264998
33.7484319370021
37.8012569811934
42.2678506198792
47.1824178035144
52.5813946065752
58.503565844435
64.9902166281562
72.085235645964
79.8352358638166
88.2896785335579
97.5009999445239
107.52474093887
118.419679432476
130.247966285083
143.07526487781
156.970894708434
172.007979234684
188.263598110864
205.818943891731
224.759483227713
245.17512254647
267.160378200724
290.81455105186
316.241905416182
343.551852285364
372.859136552682
404.284027656811
437.952512378823
473.996487064837
512.55394347622
553.769136064699
597.792705174452
644.781703034025
694.899408970002
748.314684668491
805.200268321494
865.728287533975
930.055871403773
998.254818999857
0
0
0
0
0
0
0
0
0
0
0
0
0
0
0
0
0
0
0
0
0
0
0
0
0
0
0
0
0
0
0
0
0
0.029309296011715
0.0720871636909759
0.124663639450451
0.18936877305394
0.271931782503292
0.376442246566984
0.523472612693593
0.704881765867275
0.928408227172383
1.20048552323039
1.53767836398975
1.94396401010459
2.42639096661888
3.00048784466188
3.67408797204998
4.45724980795069
5.36226893701714
6.40171863113468
7.58881759406503
8.93715633270966
10.4619684621833
12.1797809204809
14.1085936405379
16.2679132736377
18.6791890647933
21.365083682218
24.3497027184463
27.6589584376397
31.3206713451593
35.3645729652992
39.8224779321149
44.7283948965675
50.1186118738811
56.0317887186215
62.5090736325873
69.5942265894553
77.3337397183907
85.776960131673
94.9762155246339
104.986942549006
115.867818142216
127.680894145701
140.49173560611
154.369563128687
169.387399570837
185.622221261586
203.155113838518
222.071432723905
242.46096821947
264.418115179217
288.042047211676
313.436895340513
340.711931035212
369.981753417815
401.366480216358
434.991941539952
470.989874481486
509.498114295132
550.660773173732
594.628387843317
641.55799684553
691.613064489148
744.963071212399
801.782346504289
862.246979087507
926.525280991255
994.73440087337
0.704189630760711
0.704189630769777
0.704189631921227
0.704189650589214
0.704189779306755
0.704190339083463
0.704192168809352
0.704197097440728
0.704208644666476
0.704232995760533
0.704280296346468
0.704366312847642
0.704514504497891
0.704758552987055
0.705145396181851
0.705738812998522
0.70662360755584
0.707910442405008
0.709741373176578
0.712296140722445
0.715799282126727
0.72052812917977
0.72682177234289
0.735091079945389
0.745829875974868
0.759627394220802
0.77718213945417
0.799317294017814
0.826997805212923
0.861578209708369
0.904370954132672
0.956744114548214
1.02046258068362
1.09802554622879
1.19129297407111
1.3038586991401
1.43833800688615
1.59866211764334
1.78816567213808
2.01195658873373
2.27481213238317
2.58227668867147
2.94076545746644
3.35730200018067
3.83902578184185
4.39417359999119
5.03176856295662
5.76167250390513
6.59469940020987
7.54261699169076
8.61815233513882
9.83503313658195
11.2080989877731
12.753374603107
14.4881430063505
16.4310174576219
18.6020352360476
21.0227830457486
23.7162245773614
26.7068194585036
30.0208552821211
33.6862976127441
37.7330805609885
42.1932080241417
47.1008328611346
52.4923454692092
58.4064860818674
64.8844764115647
71.9701370350234
79.7100090501641
88.1534785950957
97.3529039196975
107.363745073673
118.244696457172
130.057822581704
142.868697416738
156.746547662045
171.764400211318
187.999233985496
205.532136235763
224.448463357324
244.838006218018
266.795159985718
290.419098426982
315.813952619418
343.088994001991
372.358821565757
403.743552741501
437.369017025428
473.366950274781
511.875185271664
553.037829287963
597.005409300015
643.934944615662
693.989861590674
747.339565264672
804.158231684229
864.621616936057
928.897175916235
997.098828270779
0
0
0
0
0
0
0
0
0
0
0
0
0
0
0
0
0
0
0
0
0
0
0
0
0
0
0
0
0
0
0
0
0
0.0255846185451525
0.0681494311439725
0.120430059445156
0.184627831870658
0.266114494116906
0.368793549947249
0.513000477869266
0.692689370242142
0.914051210629502
1.18356828301642
1.51650621896838
1.91954190730848
2.39854315880649
2.96753077586074
3.63721738534186
4.41590231232741
5.31652871141209
6.3510228147203
7.5336087143001
8.87732778677829
10.397560626886
12.1107236365899
14.0347917755841
16.189229282277
18.5952507084865
21.2758838917973
24.2552017685791
27.5590251066004
31.2150758669856
35.2530502043542
39.7047220609954
44.6040469734851
49.9872564468346
55.8929544731321
62.3622294497247
69.4387754668875
77.169014560241
85.6022207520204
94.7906463232737
104.789650527865
115.657831027997
127.457158432554
140.253114367993
154.114833489246
169.11524976015
185.331247228877
202.843815422338
221.738209403389
242.104114482334
264.035815546647
287.632370961173
312.997790974343
340.24122055039
369.477126473148
400.825488386429
434.411993048632
470.368230245743
508.831887042554
549.946933362771
593.86378423319
640.739408185639
690.737317472466
744.027301580321
800.784584507267
861.18755458545
925.410922416772
993.59619339649
0.71471867276643
0.714718672775459
0.714718673922072
0.714718692511654
0.714718820688581
0.714719378114224
0.714721200155259
0.714726108086363
0.714737606813709
0.714761855633011
0.714808957556001
0.714894612786399
0.715042182027404
0.715285205500917
0.715670423922858
0.716261348311306
0.717142426550514
0.718423856293082
0.720247096313181
0.722791132144534
0.726279557111408
0.730988537059409
0.737255736511094
0.745490295692165
0.756183961549474
0.76992349042831
0.787404453297786
0.809446582626033
0.837010797825693
0.871571447723868
0.914204044245039
0.966381763009478
1.02992658607369
1.10719092257668
1.2001036429915
1.31233790180407
1.44628200854239
1.60609783315968
1.79499748584158
2.01803619391473
2.28005950451636
2.5865476778543
2.94389701982089
3.35918799736703
3.83951257589323
4.39306338736357
5.02889204891881
5.75684409336205
6.58769458400052
7.53321899212747
8.60614147466931
9.82020698022099
11.1902295514143
12.7322290792352
14.4634753544437
16.4025672095141
18.569522936623
20.9859684165464
23.6749795950167
26.6609380130279
29.9700033277804
33.6301627130175
37.6713374827617
42.1254922812944
47.0267337535993
52.4114068633524
58.3182044325001
64.7882916755746
71.8654274081764
79.5960869955338
88.0295875817752
97.2182156178334
107.21735681973
118.085628825284
129.885016911184
142.681013165868
156.542759487305
171.543194705326
187.759206040421
205.271785026487
224.166187957978
244.532100876689
266.46380908739
290.060371177369
315.425797491832
342.669232998789
371.905144390588
403.253511077706
436.840019326514
472.796257926631
511.259911948582
552.374947347774
596.291771293507
643.167336830056
693.165125707114
746.454867033937
803.211662863687
863.613641266252
927.834864218198
996.014529962712
