0
0
0
0
0
0
0
0
0
0
0
0
0
0
0
0
0
0
0
0
0
0
0
0
0
0
0
0
0
0
0
0
0
0
0
0
0
0
0
0
0
0
0
0
0
0
0
0
0
0
0
0
0
0
0
0
0
0
0.000298278776241837
0.0100248384952749
0.0208417293747455
0.0328561256947344
0.0461852381900622
0.0609572947252299
0.0773122638475148
0.095404350730704
0.115401404822251
0.137487302882359
0.161890262277209
0.191599917468333
0.229230250847279
0.270698715604363
0.31626880450956
0.366864089294623
0.422400887793999
0.48326712032622
0.550153579846894
0.626457095227322
0.712853369766577
0.80737602850023
0.911055094301775
1.02425157099952
1.14786697379593
1.28420574066625
1.43532605709146
1.60015822148701
1.77943316506447
1.974057051175
2.18601475750917
2.41790940490436
2.66930215963624
2.94103689373384
3.2346642327801
3.55261126195675
3.89584132485462
4.26526568235286
4.66253801333525
5.08958783361841
5.54758291240082
6.03802691585272
6.56296287272118
7.12396986407137
7.72254888878916
8.36066471540454
9.04005350212868
9.76261264721773
10.5303195815489
11.3451960026494
12.2094597096872
13.1252890570736
14.0949338292886
15.1207559876996
16.2052103119697
17.3508589343525
18.5603647403519
19.8364986255049
21.1821397567632
22.6002786159538
24.0940189375223
25.6665798904744
27.321298529019
29.0616588204131
30.8912326577447
32.813708705634
34.8329093461121
36.9527907860116
39.1774439887595
41.5110950541828
43.9581077191574
46.5229867892809
49.2103812958532
52.0250877182671
54.9720533354585
58.056379671644
61.2833260180778
64.6583130253743
68.1869263649971
71.874920459258
75.7282222787497
79.7529352054556
83.9553429591762
88.3419135845246
92.9193034955971
97.6943615755115
102.674133328304
107.865865081131
113.27700823529
118.915223565215
124.788385565235
130.904586844455
137.272142570641
143.899594964341
150.795717844643
157.969521228066
165.430255981815
173.187418532343
181.250755629509
189.630269165857
198.336221049425
207.379138127529
216.76981715513
226.519329800987
236.639027694652
247.140547476926
258.035815852939
269.337054620633
281.056785614574
293.207835152037
305.803339905016
318.856750423473
332.381835612795
346.392686510728
360.903719494678
375.929678729851
391.485637615389
407.586998917523
424.249493191637
441.489174982941
459.322416149818
477.765895462906
496.836583378686
516.551720542217
536.928788098367
557.985467219726
579.739584286432
602.20903670869
625.41169222121
649.365250709266
674.087052633692
699.593808726038
725.901209536289
753.023345421561
780.971814888734
809.754296146225
839.37214306258
869.816093710254
901.058051985486
933.034000938326
965.605046725099
998.310261099476
0.663762163800688
0.663762163800758
0.663762163809581
0.663762163952629
0.66376216493896
0.663762169228391
0.66376218324913
0.66376222101601
0.663762309499488
0.663762496095557
0.663762858546718
0.663763517664183
0.663764653201453
0.663766523229462
0.663769487363449
0.663774034191821
0.663780813257241
0.663790671940345
0.663804697596564
0.663824265296773
0.663851091522759
0.663887294168946
0.66393545920242
0.663998714334091
0.664080810055008
0.664186208393263
0.664320179749
0.664488908167483
0.664699605413598
0.664960634215273
0.665281641048624
0.665673698844199
0.666149460001791
0.666724550876052
0.667415213176612
0.668239165949817
0.669217201142382
0.670372632666714
0.671731520796686
0.673322910019814
0.675179080884668
0.677335816416655
0.679832683713653
0.682713331375169
0.686025803464345
0.689822870750617
0.694162380030981
0.699107622378236
0.704727721212974
0.711098041140001
0.71830061852561
0.726424614815693
0.735566793601039
0.745878623798477
0.757434428970966
0.770355720519277
0.784775529284204
0.800837302300098
0.818722183207113
0.838617170909144
0.860660431260602
0.885044169360124
0.91202845777672
0.941814082639744
0.974611212071533
1.01078291405554
1.05053663869737
1.09417429672936
1.14206846981057
1.19451169050079
1.25211058372341
1.3150362039389
1.38389439007551
1.45893888145285
1.5406298165636
1.6295893246095
1.72623459870574
1.83124871902245
1.94519204547206
2.06863178903855
2.20225912237588
2.3470010571855
2.5033613623596
2.6721260033502
2.85412650450318
3.0502005462579
3.26139164256664
3.48856515874174
3.73266701315793
3.99471889132585
4.27581843545107
4.57713058874089
4.89987142781196
5.24526617382471
5.61460206847761
6.00915436338275
6.43032886902021
6.87956867039843
7.35838707317272
7.86836919759333
8.41114981517894
8.98841892835841
9.60194067189611
10.2535475589007
10.9451383185533
11.6786884834896
12.4562486043032
13.2799477410565
14.1519937789544
15.0746694703056
16.0503422882029
17.0814674663378
18.1705891662884
19.3203455079481
20.5334700563749
21.8127955122008
23.161255888827
24.5818894941923
26.0778416892352
27.6523682656092
29.3088383503897
31.0507365586674
32.8816623836349
34.8053367651424
36.8256057260045
38.9464426330237
41.1719502976615
43.506364872668
45.9540593907279
48.5195467626503
51.2074831192823
54.0226712847101
56.9700642639091
60.0547687753378
63.2820488393789
66.6573294264324
70.1862001660806
73.8744191175084
77.7279166005241
81.7527990859231
85.9553531435259
90.3420494459927
94.9195468264675
99.6946963882086
104.674545664625
109.866342828492
115.277540949564
120.915802300284
126.789002709725
132.90523596638
139.272818270676
145.90029273839
152.796433956184
159.97025259043
167.431000050276
175.188173205475
183.251519158891
191.631040072772
200.336998046774
209.379920044327
218.770602862301
228.520118137678
238.639817380509
249.141337015114
260.036603415646
271.337837908765
283.057561709463
295.208600765773
307.804090493268
320.857480139632
334.38253693634
348.393349779825
362.904332319022
377.930225254272
393.486097597858
409.587346576645
426.24969576784
443.489190943598
461.322192950294
479.765366751057
498.835665496957
518.55030813469
538.926748562996
559.982633647664
581.735746384718
604.20392897578
627.404978194342
651.35650166885
676.075718109523
701.579174375641
727.882334980291
754.998968880499
782.940200128141
811.712973323445
841.317440478791
871.742219402181
902.95508217111
934.882707742687
967.360349836534
1000
0
0
0
0
0
0
0
0
0
0
0
0
0
0
0
0
0
0
0
0
0
0
0
0
0
0
0
0
0
0
0
0
0
0
0
0
0
0
0
0
0
0
0
0
0
0
0
0
0
0
0
0
0
0
0
0
0
0
0
0.00319848025200399
0.0139099104577869
0.0258024108867741
0.0389903305234014
0.0535988108355342
0.0697646829877278
0.0876365109490614
0.107377428588376
0.129165757592009
0.153197597557079
0.179765284817149
0.212954506814263
0.253796739616655
0.298666721043379
0.347993506471815
0.402561439858544
0.462420318846424
0.527946184674298
0.599684898402652
0.681737607221605
0.774502732845326
0.875804141750852
0.986618245459902
1.10759979205982
1.23949492146223
1.38463744589884
1.54536919561296
1.72068169604075
1.91120107754532
2.11785196496399
2.34244416734173
2.58757515338375
2.85369400362399
3.14117939035705
3.45142913785098
3.78676194534717
4.1487408674983
4.53818646396326
4.95672427446088
5.40629198962283
5.88834680112831
6.40428870837466
6.95604472901766
7.54539504076354
8.17427092817086
8.84432212183556
9.5575181741984
10.3158415927767
11.1212815896891
11.9759792198327
12.8821093879154
13.8419569065367
14.8580015183841
15.9326258713321
17.0683916551024
18.2679136195664
19.5339423023762
20.8693205905734
22.2770101737419
23.7600828894843
25.3217266320294
26.9652461911605
28.6940666383694
30.5117357143028
32.4219265744755
34.4284406897252
36.5352301582258
38.746360543269
41.0660169748439
43.4985268491377
46.0483619915862
48.720140068837
51.5186265356079
54.4487375510103
57.5155431828666
60.7242707668349
64.0803083736556
67.5892083674262
71.2566910482882
75.0886483763042
79.0911477740178
83.2704360049398
87.6329431247135
92.1852865012501
96.934274899833
101.886912629125
107.050403744176
112.432156302934
118.039786673335
123.881123888822
129.964214050926
136.29732477843
142.888949703448
149.747813015457
156.882874054942
164.303331958734
172.018630359372
180.038462140927
188.372774253621
197.031772589347
206.025926919878
215.365975899007
225.062932129372
235.128087293966
245.573017351566
256.409587794336
267.649958964655
279.306591426728
291.392251386552
303.920016151254
316.90327961535
330.355757756864
344.291494120001
358.724865252651
373.670586055648
389.143714985395
405.159659030729
421.734178356936
438.883390471852
456.623773717354
474.972169818733
493.945785126717
513.562190050269
533.839315984608
554.79544875978
576.449217227699
598.819574784213
621.925772375757
645.787316044607
670.423902645526
695.85532367554
722.101316731359
749.181330499001
777.114139489402
805.917182136817
835.605353091247
866.188623231476
897.666856067943
930.016849907125
963.150033754102
996.64071966779
0.693922976003184
0.693922976003253
0.693922976011982
0.693922976153508
0.693922977129346
0.693922981373142
0.693922995244712
0.693923032609787
0.693923120151881
0.693923304762736
0.693923663357743
0.693924315462791
0.693925438918963
0.693927289051538
0.693930221649749
0.693934720103799
0.693941427045668
0.693951180840346
0.693965057274228
0.693984416787617
0.694010957598538
0.694046775065478
0.694094427637197
0.694157009738538
0.69423823194218
0.694342508777673
0.694475054530884
0.694641987389386
0.694850442292311
0.695108692847091
0.695426282680356
0.695814166596315
0.696284861923438
0.696852610439417
0.697533551275466
0.698345905214397
0.699310170812798
0.700449332796416
0.701789083199838
0.703358055747038
0.705188073998543
0.707314413824152
0.709776080797294
0.712616103148176
0.715881840957653
0.719625312321569
0.723903537265397
0.728778900239937
0.734319532078861
0.740617493485318
0.74774508036999
0.755784342693592
0.764830983033262
0.774988711530279
0.786369766226322
0.799095459688459
0.813304404349988
0.829194808460067
0.846861906172998
0.866469986772199
0.888195604657538
0.912292223253104
0.938926678538505
0.968297118709532
1.00070308037785
1.03639611737273
1.07558673416492
1.11868524556855
1.16589620267281
1.21764481007903
1.2742427874075
1.33627029373072
1.40404636376325
1.47811236093436
1.55872372592501
1.64649827621162
1.74187228326569
1.84541833883274
1.95789371717988
2.07971781387121
2.21155951789911
2.35429589329123
2.50864452346376
2.67528849640692
2.85501750706612
3.04865095266669
3.25722394670567
3.48156969222227
3.72271159658646
3.98167692305151
4.25952026482904
4.55736678818589
4.87643613129884
5.2180216857521
5.58331799895726
5.97361835337986
6.39032457159335
6.83490039268327
7.30885139420912
7.81373949407784
8.3512043948507
8.92295525827442
9.53075907391561
10.1764429065133
10.8618981849107
11.5890982097223
12.360086165886
13.176981332568
14.0419866307362
14.9573853049784
15.9255499054391
16.94893984478
18.0300846009309
19.1716129876157
20.3762424795914
21.6467918321448
22.9861786403106
24.3974246767003
25.883654669383
27.4481036759646
29.0941191183398
30.8251636995553
32.6448185889884
34.556786771845
36.5648951279483
38.6730996026197
40.8854791418333
43.2062433158039
45.63973974172
48.1904554092035
50.863019560857
53.6622073806023
56.5929434905789
59.6603054382477
62.8695272294662
66.2260029217828
69.7352902826987
73.403114514715
77.2353720475669
81.2381343970692
85.4176520892352
89.780358647707
94.3328746420979
99.0820117945802
104.034777142001
109.198377250931
114.580222483375
120.187931311341
126.029334679029
132.112480412048
138.445637673732
145.03730146921
151.896197198464
159.031285260008
166.451765707153
174.167082958952
182.186930567977
190.521256046947
199.180265756004
208.174429852096
217.514487301485
227.211450955841
237.276612691769
247.721548612775
258.558124311755
269.798500190866
281.455136834075
293.540800425653
306.068568205203
319.051833946181
332.504313440069
346.440049961817
360.873419683413
375.819136990599
391.292259641812
407.308193686893
423.882698034021
441.031888513937
458.772241236822
477.120594963681
496.094152112352
515.710477875975
535.987496729626
556.943485309328
578.597060224578
600.967158795883
624.073010209967
647.934090721348
672.570056376759
698.000641804838
724.245503675474
751.323972539766
779.254644936777
808.054680761899
837.738518970392
868.31534907573
899.783646237398
932.117798999427
965.225102699625
998.622463782511
0
0
0
0
0
0
0
0
0
0
0
0
0
0
0
0
0
0
0
0
0
0
0
0
0
0
0
0
0
0
0
0
0
0
0
0
0
0
0
0
0
0
0
0
0
0
0
0
0
0
0
0
0
0
0
0
0
0
0
0
0.00799848146374535
0.0198043838108924
0.0328923411386064
0.0473846592487058
0.063415128449838
0.0811299519599568
0.100688460401275
0.122265952041183
0.146052201918645
0.172255232613813
0.201157132858081
0.239866482841781
0.284225487953713
0.332896044837547
0.386481653674731
0.445558737203542
0.5102637750806
0.581020104106835
0.65845685167923
0.74823442591016
0.848076767554207
0.957057196774376
1.07607404075134
1.20585654233383
1.3473016874373
1.50314886041953
1.6752577749677
1.86254609946479
2.06592247023515
2.28634632616875
2.52583083242675
2.78686493984398
3.06968672970094
3.37518163729383
3.70463754487952
4.06040163995259
4.44400771976694
4.85636158531531
5.29926455880442
5.77470699891086
6.28413740277119
6.82903435105438
7.41140302653858
8.03307592714384
8.69582730905012
9.40187900238764
10.1529584470189
10.9511365064766
11.7986004823862
12.6974556533545
13.6500143648142
14.6586142408792
15.7257096904736
16.8539314851514
18.0458943155032
19.3043170873665
20.6320274813409
22.0319629520579
23.5071806434958
25.0608510966828
26.6962531534559
28.4167879451985
30.2259792258326
32.1274766451768
34.1250603688702
36.2226403333186
38.4242581357931
40.7340903934049
43.1564622523173
45.6958424983759
48.3568191356866
51.1441317106982
54.0626720500877
57.1174866452723
60.3137795913636
63.6569157867746
67.1524242979542
70.8060018522564
74.623516441727
78.6110110279243
82.7747073407543
87.1210097654534
91.6565093122961
96.3879876637661
101.32242129402
106.466985655583
111.829059428461
117.416228827198
123.236291962001
129.297263250685
135.607377879081
142.17509630837
149.0091088288
156.118340160035
163.511954099239
171.199358218577
179.190208614329
187.494414710073
196.122144116506
205.083827550386
214.390163814885
224.052124843214
234.080960806977
244.488205290068
255.285680528279
266.485502713963
278.100087364168
290.142154749482
302.624735379411
315.561175538242
328.965142862934
342.850631951368
357.231969984998
372.123822344158
387.541198186558
403.499455949018
420.014308718403
437.101829398732
454.778455575749
473.06099394538
491.966624125102
511.512901602102
531.7177594819
552.599508574674
574.176835177436
596.468795645554
619.494806676946
643.274629151026
667.828342633179
693.176306402821
719.339099975774
746.337431419564
774.19199296523
802.923225816166
832.550918313073
863.09347344786
894.566452126951
926.979296757479
960.325876294598
994.529923320053
0.724975027238738
0.724975027238806
0.724975027247417
0.724975027387036
0.724975028349718
0.724975032536306
0.724975046220881
0.724975083082257
0.724975169444243
0.724975351566459
0.724975705327441
0.724976348641813
0.724977456953286
0.724979282145242
0.724982175210735
0.724986613023703
0.724993229553266
0.725002851863113
0.725016541238028
0.725035639779872
0.7250618228156
0.725097157460308
0.72514416767888
0.725205906190632
0.725286033562398
0.725388904836989
0.725519664045843
0.725684346957192
0.725889992414239
0.726144762621942
0.726458072746086
0.726840730194735
0.727305083960005
0.727865184407778
0.728536953914638
0.729338368765409
0.730289652741432
0.731413482849496
0.732735207664596
0.734283078786526
0.736089514199314
0.738200803176898
0.74064502847306
0.743464905496585
0.746707448159645
0.750424292046434
0.754672035069785
0.759512596423199
0.765013594686001
0.771248745987385
0.778298283178333
0.78624939699526
0.795196700221861
0.805242715860991
0.816527095023645
0.829186448284046
0.84331334564696
0.859048152568415
0.876542038765997
0.89596424818259
0.91754506140392
0.941416454243379
0.967780057172007
0.996909015224938
1.02905342099916
1.06439609628504
1.10328094559585
1.14597663668304
1.19275589700536
1.24405408891831
1.3000925405229
1.36149016354947
1.42844655529073
1.50181407514307
1.58167801750197
1.66863123231092
1.76316855606883
1.86574848961529
1.97715337353283
2.09788810202726
2.228553268179
2.36990662748649
2.52280311713989
2.68794258375265
2.8661041641993
3.05804923878692
3.26481208830835
3.48722198603245
3.72627576664937
3.98303521112458
4.25858320941467
4.55401803479974
4.87052558636617
5.20938650282122
5.57180793244986
5.95910801297789
6.37265762485782
6.81391299083375
7.28439703930932
7.78567531177326
8.31936566310316
8.88716628643493
9.4908533445131
10.1322581894832
10.8132835063347
11.5359096430926
12.30216008533
13.1141566514902
13.9741012447482
14.884263269019
15.8470097549248
16.8647878395532
17.9401380724895
19.0757046982541
20.2742003379475
21.5384330764672
22.8713138921504
24.2758857359526
25.7552363653751
27.312580053762
28.9512508474594
30.6746978727708
32.4864875786074
34.3903126340618
36.3899824819029
38.489431174404
40.69272324085
43.0040554280317
45.4277658290941
47.9683297734602
50.630358731202
53.4186086151939
56.3379843121565
59.3935432927389
62.5904991028376
65.9342248887554
69.4302569880826
73.0842985934862
76.9022234907471
80.8900798705795
85.0540942129365
89.4006752419252
93.9364179489925
98.6681076816506
103.602724294753
108.747446361187
114.10965543889
119.696940391293
125.517101758664
131.578156178349
137.888340852509
144.456118062667
151.290179731051
158.399452029412
165.793100036561
173.48053244635
181.471406328161
189.775631942137
198.403377611443
207.365074653734
216.671422373767
226.333393118755
236.362237397628
246.769489064772
257.56697056823
268.766798261525
280.381387777348
292.423459460202
304.906043853601
317.842487235533
331.246457193397
345.131948226261
359.513287357874
374.40513973781
389.822514200172
405.780768738334
422.295615839722
439.383127604914
457.059740548828
475.342259945756
494.24786353098
513.794104304383
533.998912088112
554.880593359306
576.457828693416
598.749666893178
621.775514672552
645.555119589838
670.108543296925
695.456120764695
721.618398052302
748.616036291101
776.469660172049
805.19961039915
834.825519045272
865.365531710607
896.834752100331
929.241722818207
962.578143507203
996.756997908634
0
0
0
0
0
0
0
0
0
0
0
0
0
0
0
0
0
0
0
0
0
0
0
0
0
0
0
0
0
0
0
0
0
0
0
0
0
0
0
0
0
0
0
0
0
0
0
0
0
0
0
0
0
0
0
0
0
0
0
0
0.00280334087310277
0.0145441663859307
0.027556284360673
0.0419607779223585
0.0578893271136892
0.0754858584229382
0.0949071580421881
0.116323859128227
0.139922708131742
0.165907964726705
0.194503647199961
0.227897221703799
0.27188202860223
0.320103370271099
0.372984683591824
0.431304012694957
0.495360046699982
0.565399290678903
0.641918467596207
0.726743679706125
0.824937823545236
0.932588635567075
1.05006243631546
1.17817479959636
1.3177133057269
1.46998337483576
1.63810623981624
1.82288339093898
2.02346852706579
2.24107903358632
2.47680944551689
2.73305516710717
3.01186433603352
3.31328922797579
3.63867378737082
3.98942971275135
4.36794387162034
4.77552421218037
5.21323228944784
5.68294659424382
6.18695064055188
6.72647845186102
7.3031202720144
7.91902692800481
8.5760577557353
9.27593874065757
10.0211118696635
10.813408995891
11.6548590198791
12.5478107642983
13.4944262638756
14.4970831710572
15.5582252522762
16.6803746325605
17.8661838014264
19.1185069517526
20.4400822577363
21.8338764681118
23.3028887402985
24.8502850543051
26.4793187182534
28.1933780248258
29.9959679696908
31.8907220338578
33.881401871199
35.9719004966717
38.1662435468087
40.4685920922489
42.8832453815445
45.414645152305
48.0673782088057
50.8461950954545
53.7559752747005
56.8017423127247
59.9886804078564
63.3221356778236
66.8076187815456
70.4508080875804
74.2575531109139
78.2338781130741
82.3859858233731
86.7202612625643
91.2432756590199
95.961790450764
100.882761367808
106.013342589584
111.360890972409
116.932970342087
122.73735584702
128.782038367686
135.075228978929
141.625363462284
148.441106866404
155.531358114562
162.905254659103
170.572177183505
178.541754353446
186.823867618803
195.428656068869
204.366521343312
213.648132601356
223.284431551565
233.28663754431
243.666252728567
254.435067274208
265.605164660292
277.188927029151
289.199040605187
301.648501176264
314.55061963429
327.919027569959
341.767682914536
356.110875618766
370.96323335537
386.339727226635
402.255677452041
418.726759002014
435.769007131984
453.398822754903
471.632977568739
490.488618826193
509.983273594119
530.134852295649
550.961651252866
572.482353843188
594.716029735909
617.68213151509
641.400487592352
665.891289803337
691.175073392435
717.272685827791
744.205238723032
771.994033279336
800.660442316577
830.225717015443
860.710653520716
892.134974088786
924.516049775488
957.865636668865
992.174070922969
0.755389777746175
0.755389777746243
0.755389777754855
0.755389777894483
0.755389778857234
0.755389783044116
0.755389796729657
0.755389833593632
0.755389919961708
0.755390102096767
0.755390455882695
0.755391099242429
0.755392207632041
0.755394032952655
0.755396926222024
0.755401364347582
0.755407981342879
0.755417604329352
0.755431294665484
0.755450394545612
0.755476579410861
0.755511916515028
0.75555892998878
0.755620672746155
0.755700805578326
0.755803683780817
0.755934451661969
0.756099145282606
0.756304803779571
0.756559589629259
0.756872918211677
0.757255597040994
0.757719975035285
0.758280102206443
0.758951900161231
0.759753343816534
0.760704654746247
0.761828506594277
0.763150243008135
0.764698108570819
0.766503493235423
0.768601190797435
0.771029671974028
0.773831372697952
0.777052998275698
0.780745844105091
0.784966133695763
0.789775374786091
0.795240734400759
0.801435433742198
0.808439163854372
0.81635561005247
0.8252767583877
0.835293216751817
0.846515542097839
0.859063213722772
0.873065195710659
0.888660526875059
0.906054525559726
0.925385266961726
0.946802457066527
0.970492666932094
0.996710257679869
1.02567665104886
1.0575701773426
1.09268889423352
1.13135019792313
1.17374123596021
1.22026467095979
1.27118039744719
1.32690742544344
1.38782134298406
1.45436602459705
1.52697554694963
1.60628093049481
1.69258544650187
1.78650402449417
1.88841654341025
1.99899759509342
2.11892864912432
2.24871582841378
2.38905045595904
2.54086989258898
2.7048510108468
2.88178258023254
3.07248512375529
3.27785367187517
3.49882091087376
3.73631132887228
3.99138789386525
4.26515655653957
4.5587455184607
4.87330074318815
5.21009219119823
5.57031260219705
5.95530591624204
6.3664467326838
6.80516426624255
7.2729727801507
7.77146160416061
8.30225796299152
8.86703338516588
9.46755217822363
10.1056611870484
10.7832564905627
11.5023084856625
12.2648864026176
13.0730882315039
13.9290995966944
14.8352123767526
15.7937732237405
16.8072304213516
17.8781621881578
19.0091814499392
20.2029788059451
21.4623934385283
22.790305346692
24.1897343865326
25.6637792281386
27.2156541856068
28.8486836818165
30.566307977417
32.3720838181877
34.2696903263195
36.2629279401957
38.3557216427916
40.5521253342468
42.8563249247588
45.2726435123432
47.8055430517391
50.4596258092239
53.2396403304212
56.1504808682477
59.1971910332196
62.3849692112268
65.719172799036
69.2053219667778
72.8491033462733
76.6563737513009
80.6331639595563
84.7856825646533
89.1203198999221
93.6436520333854
98.362444832185
103.283658094092
108.414449743299
113.762180087465
119.334416132896
125.138935954886
131.183733120505
137.477021161575
144.027238096164
150.843050997544
157.933360610293
165.307306013868
172.974269334612
180.943880507666
189.226022090685
197.830834131471
206.76871909179
216.05034682959
225.686659641665
235.688877368563
246.068502563099
256.837325723392
268.007430590721
279.591199511798
291.601318864222
304.050784542822
316.952907503301
330.321319357922
344.16997801583
358.513173357687
373.365532930549
388.742027643746
404.657977439756
421.129056904825
438.171300771804
455.801109251051
474.035253102888
492.890878334839
512.385510365743
532.537057442492
553.363813017327
574.884456685198
597.11805312951
620.084048366633
643.802262121877
668.292874671346
693.5764057683
719.673681912897
746.605785936424
774.39397876073
803.059575335048
832.62374067387
863.107136242734
894.529259294336
926.907067569018
960.251408891017
994.549097639734
0
0
0
0
0
0
0
0
0
0
0
0
0
0
0
0
0
0
0
0
0
0
0
0
0
0
0
0
0
0
0
0
0
0
0
0
0
0
0
0
0
0
0
0
0
0
0
0
0
0
0
0
0
0
0
0
0
0
0
0
0
0
0
0.00050902749808655
0.0152829847961887
0.0317132000802208
0.0499788863701175
0.0702803496390017
0.092838694182505
0.117902339549157
0.145753900916136
0.176733371687994
0.212996896269162
0.253512718364107
0.298634584873751
0.353849163053313
0.419021424721634
0.490927546265984
0.570503813638458
0.659305569809696
0.757898930514648
0.867292926096506
0.987776344762242
1.12323029432046
1.27341778311348
1.43853572379453
1.61955690945186
1.81726496402339
2.03277100312595
2.26889316860129
2.52588971810808
2.80437087108332
3.10575761015846
3.43140191706815
3.78288246144101
4.16097969719342
4.56734851602995
5.00342816153364
5.47048064955942
5.96989354294008
6.50333665274371
7.0725351622387
7.67906819774308
8.32464969615313
9.01110945899646
9.7403281035224
10.5142937482437
11.335066822159
12.2048610964934
13.1259285707102
14.1005484561645
15.1311392101867
16.2202038865264
17.3703527171096
18.5842925569024
19.8648343075371
21.2148936252238
22.6374938741365
24.1357683892821
25.7129628753875
27.3724490745456
29.1177194416448
30.9523537633853
32.8800671709321
34.9047041752398
37.0302399817044
39.2607818904075
41.6005706765307
44.0539847529146
46.6255435485653
49.3199105725143
52.1418967253482
55.0964637811508
58.1887279189275
61.423963298405
64.8076056906712
68.3452561704217
72.0426848725447
75.9058348132929
79.9408257748674
84.1539582514224
88.5517174540667
93.1407773722881
97.9280048893038
102.920463949117
108.125419773474
113.550343127453
119.202914632982
125.09102913019
131.22280008702
137.60656405799
144.250885193333
151.164559799897
158.356620955225
165.836343176034
173.613247141955
181.697104474809
190.097942572881
198.826049498626
207.891978924693
217.306555099387
227.080877811068
237.226327570742
247.754570610508
258.677563948802
270.007560430126
281.757113703432
293.939083081171
306.56663840517
319.653264439288
333.212765124867
347.259267374588
361.807224297524
376.871417665553
392.466959377466
408.609291607973
425.314185239992
442.597736063408
460.47635807296
478.966772998444
498.085994932443
517.851308553576
538.280238929811
559.390510150485
581.199988939749
603.726607783004
626.988259809748
651.002652739996
675.787103594288
701.358244223379
727.7315866976
754.920859707797
782.93695077209
811.786126285468
841.466822914849
871.96332516331
903.231759078923
935.163849406245
967.472965933285
999.326414220721
0.628076329666553
0.628076329666624
0.628076329675505
0.628076329819499
0.628076330812349
0.628076335130134
0.628076349243553
0.628076387260077
0.628076476328443
0.628076664157936
0.62807702900495
0.628077692479278
0.628078835522634
0.628080717911868
0.628083701639426
0.628088278523571
0.628095102401013
0.628105026254692
0.628119144629587
0.628138841689736
0.628165845270009
0.62820228727667
0.628250770791595
0.62831444423598
0.628397082950813
0.628503178553258
0.628638036430564
0.628807881736321
0.629019974258017
0.629282732530108
0.629605867573368
0.630000526649517
0.63047944743023
0.631057122991946
0.631749978062812
0.632576556965963
0.633557723724494
0.634716874818312
0.636080165111957
0.637676747505588
0.639539026898933
0.641702929100076
0.644208185357266
0.64709863324207
0.650422534665216
0.654232911861134
0.658587902231532
0.663551132989781
0.669201262793319
0.675616476497112
0.682870428188729
0.691053138241621
0.700262338901404
0.710603989139703
0.722192816103769
0.73515288384784
0.749699516585843
0.765909238340562
0.78393374183115
0.803941265268847
0.826157933581531
0.850762933289611
0.877940603729662
0.907970035211872
0.941109061434261
0.977550215283916
1.01779450594019
1.06195954835941
1.11048676130101
1.1636555400436
1.22191650571668
1.28558182958784
1.35515176785323
1.43092741593874
1.51353194137127
1.60339236965955
1.70101311357537
1.80718776151331
1.92228906379769
2.04696100481719
2.18197463539951
2.32809258504473
2.48591342888062
2.65622130235073
2.8398410630874
3.03765300761003
3.25058722472778
3.47955039204634
3.72551356735472
3.98949883090419
4.27259179029785
4.57593865779877
4.90073385958528
5.24821168394273
5.61965959630542
6.01635740989929
6.43969748162939
6.89112628419448
7.37215480666027
7.88436096249543
8.42938239751876
9.0089166871793
9.62472963594301
10.2786571280623
10.9726058739177
11.7085575114658
12.4885703231122
13.3147812911175
14.1894064720909
15.114740117867
16.093160956099
17.1271356708673
18.2192199107595
19.3720629688829
20.5884095538551
21.8711032699122
23.2230889402798
24.6474154395612
26.1472385450203
27.7258244778108
29.3865525309497
31.1329165445907
32.9685267450312
34.897115611683
36.9225403311739
39.0487851389209
41.2799638101648
43.6203239046589
46.0742501387968
48.6462673131245
51.3410437131465
54.1633946351987
57.1182859030444
60.2108374183098
63.4463267622489
66.8301928554924
70.3680396783239
74.0656400520725
77.9289394811054
81.964060054214
86.1773044037538
90.5751597206628
95.1643018234302
99.9515992791935
104.94411757539
110.149123340744
115.574088614802
121.226695165697
127.114838856295
133.246634059266
139.630418122007
146.274755882526
153.188444237529
160.380516763867
167.860248394306
175.637160148161
183.721023916729
192.121867302672
200.849978511368
209.915911290694
219.330489913761
229.104814200215
239.25026456661
249.778507081841
260.701498520277
272.031491384986
283.781038870775
295.962999733359
308.590543003727
321.677152432981
335.236630660439
349.283102932847
363.831020235951
378.895161644263
394.490635639822
410.632880080285
427.337660405877
444.621065556992
462.499500919954
480.989677413796
500.108595555068
519.873522958842
540.301963202727
561.411613217655
583.220305246563
605.745927720565
629.006316675688
653.019104942608
677.801509714403
703.370026673606
729.73997681171
756.92481089054
784.934993272968
813.77610691046
843.445394827594
873.924819428106
905.165215335265
937.042761054061
969.198947190196
1000
0
0
0
0
0
0
0
0
0
0
0
0
0
0
0
0
0
0
0
0
0
0
0
0
0
0
0
0
0
0
0
0
0
0
0
0
0
0
0
0
0
0
0
0
0
0
0
0
0
0
0
0
0
0
0
0
0
0
0
0
0
0
0
0
0.00394158847837046
0.0200764815924621
0.0379958198386976
0.0578882693276012
0.079965341705126
0.104464053491279
0.13164905263795
0.161810606201626
0.195581102270723
0.234689011737722
0.278388783509275
0.32725411719914
0.386826880136781
0.456779760991481
0.533885607787722
0.619020627024188
0.714007314478542
0.819225900000338
0.935919542010421
1.0642803212176
1.20787586836153
1.36754737175206
1.54268287444692
1.73462055119583
1.94416820435069
2.17219844634269
2.42138942753493
2.69313299854802
2.98736158243059
3.30522080030367
3.64860250719324
4.01914514178505
4.41780184781555
4.84559194356777
5.30459403638463
5.79623660476959
6.32168943540536
6.88264912398164
7.48091471396743
8.11817153931943
8.79636678803992
9.51724326430394
10.2827863716079
11.0950451605978
11.9561421441459
12.8683017334655
13.8338386560271
14.8552442425385
15.9349795181961
17.0756288132583
18.2798684660121
19.5504890309099
20.8903801203114
22.302541693486
23.7900826509568
25.3562227939801
27.0042956803538
28.7377525293255
30.5601650438332
32.4752285108079
34.4867726469085
36.5987652026154
38.8152691675905
41.1404923564347
43.5787819425156
46.1346279624369
48.8126640372615
51.6176704028025
54.5545774754824
57.6284694013479
60.8445875873811
64.2083342622552
67.7252760941679
71.4011478777388
75.2418562940233
79.2534837439724
83.4422922538171
87.8147274498267
92.3774225992738
97.1372027140992
102.101088713695
107.276301643354
112.670266945302
118.290618779754
124.145204394132
130.242088539302
136.589557932516
143.196125767454
150.070536272466
157.221769318638
164.659045079719
172.391828746186
180.429835295783
188.783034322808
197.461654928185
206.47619067202
215.83740458987
225.556334273389
235.644297015353
246.112895018238
256.974020664551
268.239861845933
279.922907346459
292.035952273615
304.592103527762
317.604785297388
331.087744562719
345.055056583898
359.521130341344
374.5007138843
390.008899527966
406.061128818417
422.67319715594
439.861257928583
457.641825954781
476.031779961284
495.048363721963
514.709185341943
535.032213970454
556.035772933726
577.73852784345
600.159462825844
623.317859604954
647.233252385998
671.925355723102
697.413964798468
723.718796721253
750.859236480379
778.853913690383
807.719959144158
837.471605485864
868.117302536668
899.653002501182
932.043761265182
965.156394755048
998.321285286482
0.65419350992807
0.654193509928139
0.654193509936868
0.654193510078385
0.654193511054166
0.654193515297714
0.654193529168475
0.65419356653137
0.654193654068355
0.654193838668437
0.654194197242522
0.654194849309528
0.654195972700184
0.654197822724923
0.654200755152355
0.654205253344796
0.654211959897422
0.65422171312774
0.654235588762215
0.654254947167175
0.654281486471478
0.654317301928986
0.654364951869656
0.654427530589093
0.654508748527869
0.654613020093804
0.654745559482905
0.654912484857977
0.655120931248056
0.655379172537204
0.65569675291789
0.656084628192552
0.656555317317222
0.657123064593684
0.657804012931859
0.658616388622339
0.659580698080646
0.660719937050266
0.6620598127811
0.663628979734079
0.665459289401463
0.667592322764
0.670067251312603
0.672922682571094
0.676206282339581
0.679970415473513
0.684272495586438
0.689175354179087
0.694747630165836
0.70106418081025
0.708206515109497
0.716263250677118
0.725330595158926
0.735512853170601
0.746976544457924
0.759798593778722
0.774109431697136
0.790051960245113
0.807780158318277
0.827530440741188
0.849435300511475
0.873669117174056
0.900463273592606
0.930101882801357
0.962741055090486
0.998694333555793
1.03826383528842
1.08166655465392
1.12948590422136
1.1817771618644
1.23924517918413
1.30196106296013
1.37057365200925
1.44531668315625
1.52675528397086
1.61538832808894
1.71166717122251
1.81635212405906
1.92992201429755
2.05293913339293
2.18609060686205
2.33025217926676
2.48603123814007
2.65418605784189
2.83550320756036
3.03087465740463
3.24120215934661
3.46736526353318
3.71037643524768
3.97127662109168
4.25113065166144
4.55105208116392
4.87224163523516
5.21596652472368
5.58342401782507
5.97592352221816
6.39485357038237
6.84167438698537
7.31789196673847
7.82506599194458
8.36482959078232
8.93888777729411
9.54900779734216
10.1970214010741
10.8848293258927
11.6144043813291
12.387796799954
13.2071343685967
14.0746267732371
14.9925665428167
15.9633339507421
16.9893950289293
18.0732935526573
19.2176687992484
20.4252506962727
21.6988684990201
23.041451494869
24.4560322722241
25.9457456007079
27.5138367042672
29.1636632234875
30.8986980868084
32.7225328274232
34.6388812289934
36.6515801301608
38.7645933517868
40.9820090629878
43.3080485763693
45.7470713592939
48.3035756562458
50.9822018443388
53.7877363809903
56.7251154074231
59.7994282829688
63.0159211422475
66.3800005038809
69.8972369410148
73.573368817492
77.414306090773
81.4261341812544
85.6151179067179
89.9877054799982
94.5505325675132
99.310426406049
104.274409975141
109.449706222506
114.843742340311
120.464154090483
126.318790177857
132.415716670554
138.76322146763
145.369818814653
152.244253868372
159.395507312095
166.8328000237
174.565597798337
182.603616127954
190.956825039646
199.635453994619
208.649996849206
218.011216878972
227.73015186635
237.818119251647
248.286721346411
259.147850607221
270.413694966695
282.096743216926
294.209790438534
306.765943465698
319.778626373965
333.261585972619
347.228897276822
361.694968925792
376.674548501206
392.182727683817
408.234947164278
424.847001194506
442.035041625643
459.815581223661
478.205495978174
497.222026015217
516.882774577418
537.205704324602
558.209129900825
579.911705252163
602.332403577093
625.49048745995
649.405462056782
674.097004401855
699.584856333776
725.888656966806
753.027673060675
781.020346432789
809.883490754995
839.630757525677
870.269403717042
901.792491328822
934.155996218593
967.188578367554
1000
0
0
0
0
0
0
0
0
0
0
0
0
0
0
0
0
0
0
0
0
0
0
0
0
0
0
0
0
0
0
0
0
0
0
0
0
0
0
0
0
0
0
0
0
0
0
0
0
0
0
0
0
0
0
0
0
0
0
0
0
0
0
0
0
0
0.0102434871387786
0.0279170027553227
0.0475197954395629
0.0692563308615765
0.0933553700658302
0.120066911939903
0.149671984073581
0.182487891699023
0.219630933130667
0.262260973674456
0.309662800886999
0.36292398950716
0.429338598644166
0.504852776597345
0.587970504101675
0.679692836851472
0.782188862288265
0.895329475332656
1.02065953052038
1.15835699384858
1.31260526402607
1.48343316638093
1.67058329860074
1.87538265993061
2.09875465955244
2.34163649989315
2.60661870381723
2.89551477549462
3.20794520904915
3.54519999466292
3.90897422256357
4.3014682708567
4.72352451261136
5.17607098592292
5.66089842910066
6.18027871123293
6.73506355339531
7.32689564820028
7.95777539559682
8.62938932980035
9.34369730480687
10.102743311328
10.9084077981866
11.7628737411327
12.6683251715554
13.6270570622672
14.6414631092386
15.7140295341187
16.8474023242565
18.0442727944129
19.3073904634812
20.6396361805017
22.0439877074057
23.5235435474294
25.0815088256247
26.7211955260632
28.4460345112904
30.2595768416726
32.1654968927955
34.167600681249
36.2698183036724
38.4762067403705
40.7909584441932
43.2184297326166
45.7630771195988
48.4295115172685
51.222490261294
54.1469204936441
57.2078628569888
60.4105350394339
63.760315264798
67.2627458139336
70.9235366156233
74.7485689202382
78.7438990587399
82.9157622855473
87.2705767022394
91.8149472583957
96.5556698255145
101.499735339752
106.654334009146
112.026859581105
117.624913666168
123.456310114561
129.529079442628
135.851473307037
142.431969025446
149.279274143224
156.40233104664
163.810321623659
171.512671974127
179.519057171553
187.83940607897
196.483906221447
205.463008717752
214.787433273431
224.468173237214
234.516500722198
244.943971792682
255.762431716895
266.984020285055
278.621177191347
290.686647477268
303.193487032448
316.15506814733
329.585085109792
343.497559834802
357.906847512167
372.827642252032
388.274982700533
404.264257588203
420.811211160574
437.931948422656
455.642940105015
473.961027226748
492.903425086575
512.487726453036
532.731903641613
553.654309050682
575.273673565131
597.609102004289
620.680064613338
644.50638267103
669.108205631457
694.505976120784
720.720376656824
747.772248007967
775.682461789949
804.471715495375
834.16018782893
864.766922868865
896.308635334002
928.797104089913
962.231905755779
996.560151346253
0.681620393190023
0.681620393190091
0.681620393198767
0.681620393339437
0.681620394309371
0.681620398527491
0.681620412315136
0.681620449454145
0.681620536466593
0.681620719960517
0.681621076385961
0.681621724545659
0.68162284120474
0.681624680143755
0.681627594999439
0.681632066237614
0.68163873260269
0.681648427388376
0.681662219874301
0.681681462273541
0.681707842536361
0.681743443355978
0.68179080772286
0.681853011375026
0.681933742493089
0.682037388990567
0.682169133752207
0.682335058176086
0.682542254379025
0.682798946429747
0.68311462098025
0.683500167673518
0.683968029715021
0.684532365006927
0.685209218257788
0.686016704497139
0.686975204444171
0.688107572202963
0.689439355783896
0.690999030982193
0.692818249180309
0.694932099681154
0.697379387223964
0.700202925383663
0.703449846607278
0.707171929696383
0.711425945601222
0.716274022448088
0.72178403077393
0.728029989987608
0.735092497111301
0.74309237121783
0.752099928295653
0.762214809743599
0.773549128101973
0.786224111191437
0.800370685285526
0.816150904949681
0.83375585821316
0.853297660576129
0.874953001711957
0.898933307168059
0.925511810281096
0.954824257178052
0.987121280706158
1.02277183440277
1.06192041156467
1.10494206771197
1.152129317519
1.2038918564428
1.26071519486816
1.32282024921443
1.39069032991551
1.46472559899428
1.54532754441126
1.63311882964659
1.72849201041612
1.83211386615115
1.94459601334063
2.06644504824482
2.19832689210305
2.34108810601015
2.49538138868142
2.66197440797671
2.84166756806326
3.03528416129983
3.24375951824958
3.46794753377759
3.7088412540242
3.96749263474692
4.24499865838476
4.54247432768706
4.86107992228496
5.20204696414176
5.56659468679943
5.95605851332109
6.37180570437305
6.81527258490082
7.28797343587446
7.79148515131813
8.32742656561283
8.89748005291944
9.50341795438125
10.1470773040305
10.8303593932916
11.5552428770105
12.3237672764723
13.1380525490255
14.0003060222437
14.9128080153449
15.8779307974029
16.898131706665
17.9759623160826
19.1140735117367
20.3151902709515
21.582130554473
22.9178179476857
24.3252883976653
25.8076534786805
27.3681421067635
29.010097710801
30.736978587179
32.552360281802
34.459950424004
36.463563702761
38.5671390240522
40.774750238568
43.0906037110018
45.5190496389405
48.0645710418543
50.7317891048821
53.5254698391363
56.450528348089
59.5120324783752
62.7152063578234
66.0654339512593
69.5682626722816
73.2294070632419
77.0547525472121
81.050359252566
85.2224659093855
89.5774938160827
94.1220508740577
98.8629356877618
103.807141727236
108.961861550011
114.334491079285
119.932633935451
125.764105818424
131.836938938726
138.159386495904
144.739927203554
151.587269860948
158.710357971941
166.118374412407
173.820746147988
181.827149004236
190.147512491455
198.792024686578
207.77113717432
217.09557004961
226.776316982976
236.824650350116
247.252126426341
258.070590645963
269.292182925952
280.929343052299
292.994816126422
305.50165806758
318.463241165472
331.893259674895
345.805735441168
360.215023540975
375.135817917626
390.583156982337
406.572429143005
423.11937820848
440.240108598074
457.951090261487
476.269163181074
495.211541283178
514.795815523468
535.039955825857
555.962311435502
577.581609078859
599.916948088619
622.987791476544
646.813950906653
671.415562952308
696.813052846647
723.02707932363
750.07845005944
777.98798954049
806.776326019683
836.46353218307
867.068480569603
898.607586928694
931.092051242882
964.520074316295
998.832690107082
0
0
0
0
0
0
0
0
0
0
0
0
0
0
0
0
0
0
0
0
0
0
0
0
0
0
0
0
0
0
0
0
0
0
0
0
0
0
0
0
0
0
0
0
0
0
0
0
0
0
0
0
0
0
0
0
0
0
0
0
0
0
0
0
0
0.00165886631069475
0.0191470053945757
0.0385324570662986
0.0600149601938062
0.083812028704678
0.110167669090933
0.139355840388527
0.171678982329484
0.207572012937531
0.248769468399128
0.295314957367118
0.346894609021628
0.406311782588731
0.480617622086136
0.562360950478971
0.652244690952685
0.751786503761432
0.862689621419898
0.984987819733719
1.12005440877979
1.2686943441788
1.43545433090727
1.6189603331161
1.81977020088478
2.0391266826659
2.27810188581121
2.53777871222916
2.82100974147682
3.12907018788939
3.46184608761236
3.82071851049771
4.20745774098966
4.62448423923969
5.07237408210885
5.55223243416807
6.06588314396248
6.61571161995445
7.20264772393954
7.82836132774175
8.49490950255951
9.20407300707612
9.95774640227763
10.7582985489085
11.6075347966996
12.5077302286607
13.4611852836035
14.4702393570905
15.5373892272199
16.6651985566403
17.8563571387882
19.1137309776482
20.4401545178608
21.8386170514076
23.3121639054858
24.8639937962209
26.4973986820316
28.2157987520423
30.0227306122611
31.9218557062639
33.916961999749
36.0119660532757
38.2109143623867
40.5179870277401
42.9375009681525
45.4739147736156
48.1318377563426
50.916029470709
53.8313718867391
56.8829086022792
60.075840145205
63.4155271284989
66.9074938255529
70.5574318161882
74.3712036661507
78.3548466601767
82.5145766052043
86.8567917110413
91.3880765499555
96.1152060936645
101.045149824746
106.185075918752
111.542355492973
117.124566917702
122.939500186001
128.99516133833
135.299776938882
141.861798601224
148.689907561559
155.79301929881
163.180288201534
170.861112282446
178.845137941991
187.142264782919
195.762650478143
204.716715694367
214.015149073959
223.668912277397
233.689245088334
244.087670582936
254.87600036463
266.06633986479
277.671093709186
289.702971149177
302.174991555605
315.100489972115
328.493122723046
342.366873068955
356.736056900225
371.615328455538
387.019686047329
402.964477769861
419.465407156995
436.538538745205
454.200303481805
472.467503897424
491.357318933447
510.887308276691
531.075416001036
551.939973243403
573.499699540901
595.773702315965
618.781473843479
642.542884649006
667.078171809394
692.407919978598
718.55303178052
745.534682203175
773.374248069086
802.093196941822
831.712906282198
862.25435408102
893.737550818064
926.180383134541
959.595707993078
993.977577746644
0.709283721436137
0.709283721436204
0.709283721444795
0.709283721584078
0.709283722544449
0.709283726720986
0.709283740372707
0.709283777145583
0.709283863300226
0.709284044985191
0.709284397896843
0.709285039666715
0.70928614531731
0.709287966127313
0.70929085224718
0.709295279406144
0.709301880051701
0.7093114792628
0.709325135778055
0.709344188480606
0.709370308681561
0.709405558544502
0.709452455994224
0.709514046453886
0.709593981756078
0.709696606575106
0.70982705273015
0.709991341712009
0.7101964957901
0.710450658061361
0.710763221809031
0.711144969547128
0.711608222136084
0.712166998366908
0.712837185425514
0.713636720666094
0.714585785142904
0.715707009373904
0.717025691837915
0.718570030739409
0.720371369612268
0.72246445737575
0.724887723502682
0.727683569011157
0.730898674046341
0.734584322877361
0.738817233059943
0.743652150607106
0.749147078098065
0.755375784104233
0.762418583709482
0.770362786785702
0.779303170304704
0.789342475726722
0.800591932452608
0.813177855351098
0.827272835969138
0.8429742206257
0.860433485998134
0.879813660667699
0.901320596195636
0.925178445042108
0.95153071679746
0.980594184872325
1.01274653550229
1.04811673804542
1.08698200329754
1.12972768932596
1.17654186665293
1.22794286239013
1.28413057831719
1.34584577688322
1.41321667614967
1.48675361503376
1.56676048284834
1.65392489174558
1.74866155117418
1.85147640225291
1.96319256024262
2.08420276996225
2.21516803779603
2.35691395576223
2.51010994898399
2.67553825000992
2.85401964547559
3.04634119182617
3.25346638339894
3.47621072313385
3.71556167007805
3.97256071752801
4.24830645768325
4.54394641199171
4.86064545826951
5.19959233355986
5.56199141710514
5.94918900115265
6.36257583946393
6.80357364688733
7.27367401912734
7.77445190737763
8.30754641723389
8.87464091252309
9.47747854232768
10.1178976983408
10.7978035724832
11.5191667232587
12.2840452504903
13.0945620055806
13.9528989933693
14.8613502613812
15.8222763317866
16.83813141117
17.9114776533117
19.0449453653098
20.2412715771578
21.5033113646267
22.8339272682904
24.2361481518135
25.7130832049338
27.267958085224
28.904107184619
30.6249805350923
32.4341444475726
34.3352879090762
36.3322204490217
38.4288759683406
40.6293175480501
42.9377403467041
45.3584768539835
47.8959980288117
50.5549160307696
53.3399891931308
56.2561208142278
59.3083644603179
62.5019287200447
65.8421813004396
69.334652840371
72.9850406490131
76.7992124594717
80.7832102331946
84.943254028682
89.2857459390674
93.8172740993171
98.5446167619888
103.474746439526
108.614834110482
113.97225348676
119.554585338839
125.369621876037
131.425371179153
137.730061683229
144.292146708762
151.120309040339
158.223465552353
165.610771882131
173.291627151458
181.275678737963
189.572827098272
198.19323064507
207.147310680358
216.445756387129
226.099529881567
236.119871327567
246.518304114998
257.306640102669
268.496984926338
280.101743371466
292.133624809528
304.605648695752
317.53115012483
330.923785439583
344.797537885435
359.166723300804
374.045995829826
389.450353638925
405.395144612161
421.896071991423
438.969199915692
456.630958797623
474.898150454168
493.787952878928
513.317924504421
533.506007748551
554.370531565211
575.930212615635
598.204154533495
621.211844606962
644.973146774336
669.508289360026
694.837845311979
720.982701450281
747.964011141987
775.803121083112
804.521455793952
834.140329100982
864.680620427792
896.162177434939
928.60259180668
962.014083849835
996.38833254637
