0
0
0
0
0
0
0
0
0
0
0
0
0
0
0
0
0
0
0
0
0
0
0
0
0
0
0
0
0
0
0
0
0
0
0
0
0
0
0
0
0
0
0
0
0
0
0
0
0
0
0
0
0
0
0
0
0
0
0
0
0
0
0
0
0
0
0
0
0
0
0
0
0
0
0
0
0
0
0
0
0
0
0
0
0
0
0
0
0.00567367916158655
0.0124279621234582
0.0196756740777173
0.027448593025495
0.0357804341190525
0.0447070113840056
0.0542663898955236
0.0644987829058648
0.0754468873775038
0.0871561277419122
0.0996748668753571
0.113054715244573
0.127349958864377
0.142618451706477
0.158921940208575
0.176326492741038
0.199342263207916
0.224533676008328
0.251390299673511
0.279985868650353
0.310466420127435
0.343134150556234
0.378011002172875
0.415108150160988
0.454542089662843
0.496450061697058
0.540984529111474
0.58917376999972
0.643170468008403
0.700867952862011
0.762130973760587
0.827208145876346
0.896344657331627
0.969642956102085
1.04737828676338
1.12982935696831
1.21743506141067
1.31187628159929
1.41275575206119
1.51959702263922
1.63260293876717
1.75204319431754
1.87820151125611
2.01154431102306
2.15282436692837
2.30299851616347
2.46175685853475
2.62910761728722
2.80546783603274
2.99114054190805
3.18668391938244
3.39294414633826
3.61025318839579
3.83871154350551
4.07871557058534
4.33057090709986
4.59494181350682
4.87244196347342
5.16336192702866
5.46814403084153
5.7872020485642
6.12109054509334
6.47034088549966
6.83538289042261
7.21669048819316
7.61479667291203
8.03035536683313
8.4638191911285
8.91567381410644
9.38651766986448
9.87695293743799
10.3875196084199
10.918817656361
11.4714873480328
12.046170347651
12.6435261689597
13.2641831966774
13.9088321346876
14.5781702319735
15.2729040460119
15.9937740374477
16.7415329777882
17.5169552995396
18.3208367792149
19.1539937178051
20.017266679641
20.9115382738965
21.8376637174957
22.7965549410595
23.7891263618409
24.8163281525791
25.8791274739089
26.9785189348604
28.1155192648278
29.2911697286739
30.5065357116506
31.7627071969669
33.0607990007642
34.4019511063497
35.7873289984609
37.218124049023
38.6955538724201
40.2208627143495
41.7953218340933
43.4202318214408
45.0969228173344
46.8267458367762
48.6110820033477
50.4513423727631
52.3489680028299
54.3054301654888
56.3222306437868
58.4009020842725
60.5430084017802
62.7501451683824
65.0239399478066
67.3660529340652
69.7781775057964
72.2620407366376
74.8194038863959
77.4520628912582
80.1618488632266
82.9506286039231
85.8203051321347
88.7728182193301
91.8101449297099
94.9343001635557
98.147337203633
101.451348264761
104.848465046747
108.340859290866
111.930743340033
115.620370702775
119.412036621096
123.308078642305
127.310877194909
131.42285616865
135.646483498783
139.984271754704
144.438778733054
149.012608055394
153.70840977058
158.528880961948
163.476766359398
168.554858956471
173.766000632473
179.113082779687
184.599046935668
190.226885420609
195.999641979671
201.92041243017
207.992345313755
214.218642552046
220.602560105896
227.147408642299
233.8565542003
240.733418860265
247.781481414957
255.00427804117
262.40540297061
269.988509158441
277.75730894747
285.715574654084
293.867139346912
302.215897465891
310.765805364508
319.520881944628
328.485209228504
337.662932897142
347.058262786866
356.675473334342
366.518903958486
376.592959365412
386.902109760016
397.450890944631
408.243904281568
419.285816491966
430.581359258188
442.135328590834
453.952583914006
466.038046813563
478.396699382277
491.033582082637
503.953791031797
517.162474593072
530.664829133049
544.466093771393
558.57154390918
572.986483267925
587.716234099689
602.766125137107
618.141476733415
633.84758237131
649.889685718319
666.272951807915
683.002430559904
700.08301012125
717.519356447967
735.315833942348
753.476399468206
772.004458101671
790.902662482688
810.172626654658
829.814506030184
849.826359936956
870.203145752647
890.935057058153
912.00462373445
933.381311436694
955.010674772584
976.790424239208
998.367249021184
0.662633717237062
0.662633717237065
0.662633717237578
0.662633717245878
0.662633717303117
0.662633717552037
0.662633718365677
0.662633720557334
0.662633725692134
0.662633736520522
0.662633757553987
0.662633795803344
0.662633861699896
0.662633970219794
0.662634142231907
0.662634406089548
0.66263479948633
0.662635371596521
0.662636185520193
0.662637321053486
0.662638877804318
0.662640978673866
0.662643773724127
0.662647444451919
0.662652208489615
0.662658324752987
0.662666099056467
0.66267589021621
0.662688116661294
0.662703263573459
0.662721890575757
0.662744639990548
0.662772245687268
0.662805542540478
0.662845476518668
0.662893115424425
0.662949660306578
0.663016457565023
0.663095011769019
0.663186999209855
0.663294282208891
0.663418924202145
0.663563205622746
0.663729640602768
0.663920994516219
0.664140302385165
0.664390888171327
0.664676384975798
0.665000756169925
0.665368317480881
0.665783760055886
0.666252174529707
0.66677907612061
0.667370430780705
0.668032682427434
0.668772781283773
0.66959821335578
0.670517031077099
0.671537885151296
0.672670057624089
0.673923496218988
0.675308849971278
0.676837506196932
0.678521628834651
0.680374198201074
0.68240905220098
0.68464092903629
0.687085511459583
0.689759472619832
0.692680523550041
0.695867462348353
0.699340225106013
0.703119938637247
0.707234849858187
0.711704490282371
0.716552788493
0.72180624026354
0.727492826588672
0.733642078459709
0.740285143842126
0.747454856908795
0.755195992317361
0.763548232016032
0.772538204749891
0.782206329252644
0.792595096088006
0.803752857639128
0.815747095279282
0.828604492700224
0.842376762421023
0.857121775353691
0.872927604856985
0.889821297064304
0.907865313300258
0.927160698137971
0.947753122833464
0.969704110118485
0.993132006101538
1.01807847100928
1.04465308865264
1.07296813350635
1.10306265453625
1.13508683859467
1.16908008513475
1.20525491016736
1.2436167500623
1.28451876384708
1.32785543726859
1.37383523182612
1.4225146433034
1.47405824096566
1.52863029417146
1.58633308387644
1.6474205616385
1.71196292240215
1.78011620501196
1.85212422831405
1.9281110421604
2.00826044824816
2.09281886743645
2.18203322020963
2.27604398110168
2.37505284693072
2.47929421934316
2.58900864691772
2.70440352424066
2.82572396365413
2.95322102241211
3.08718306014939
3.22790419374435
3.37564835427547
3.53068979306115
3.69331291365582
3.86382115957797
4.04253490512712
4.22978603951961
4.42592461058928
4.63127895454703
4.8462007731887
5.0710453527827
5.30618411498193
5.55200315180517
5.80890303248052
6.07729963541125
6.35761338469119
6.65026906325742
6.95570876818236
7.27438917299142
7.60677276901909
7.95331767922812
8.31450995664217
8.69085024830661
9.08285423652552
9.4910515108957
9.91597937306609
10.3581888396814
10.8182481872905
11.296740156379
11.7942598932231
12.3114181392217
12.8488424271215
13.4071753680684
13.9870742468308
14.5892112280946
15.2142753150478
15.8629733032923
16.536028417546
17.2341814237034
17.9581914282029
18.7088359418105
19.4869111703346
20.2932325810271
21.1286353430831
21.9939744422844
22.8901241596374
23.8179781559884
24.778452183882
25.7724827521028
26.8010284673183
27.8650694932756
28.9656083237743
30.1036703660235
31.2803040312266
32.4965812645577
33.7535977519284
35.0524734893398
36.3943531357185
37.7804064727901
39.2118287618661
40.6898411763987
42.2156912007789
43.7906530472882
45.4160280464115
47.0931448753187
48.8233598282481
50.6080578485432
52.4486528856821
54.3465882795175
56.3033371575086
58.3204028371292
60.3993192520337
62.5416514089318
64.7489958419544
67.0229812464373
69.3652689711985
71.7775534996843
74.2615629295145
76.8190594622729
79.4518399069593
82.1617361978403
84.9506159245325
87.8203828648102
90.7729775199236
93.810377652893
96.9345988301184
100.147694966541
103.451758874519
106.848922816525
110.341359061742
113.931280446609
117.620940939377
121.412636208704
125.308704196368
129.311525694153
133.423524924983
137.647170128403
141.98497415048
146.43949503825
151.013336638779
155.709149202961
160.529629994119
165.47752390151
170.555624058769
175.766772467347
181.113860624958
186.599830159005
192.227673464936
198.00043434943
203.921208678247
209.993145028508
216.219445345192
222.60336560181
229.148216464422
235.857363957774
242.734230133839
249.782293741549
257.005090896558
264.406215749693
271.989321152356
279.758119316708
287.716382470973
295.867943509552
304.21669661852
312.766597885509
321.521665893105
330.485982281282
339.663692274483
349.059005164939
358.676194742174
368.519599656734
378.593623703932
388.902736010664
399.45147110523
410.244428846269
421.286274182506
432.581736709613
444.135609984202
455.952750547287
468.038076600396
480.396566266334
493.033255352977
505.953234521669
519.161645740825
532.663677879061
546.464561258666
560.569560947112
574.98396850816
589.713091859579
604.762242782131
620.13672147619
635.841797394716
651.88268537412
668.264515612475
684.992295586909
702.070861219353
719.504813450784
737.29843463316
755.455576414568
773.979506410512
792.87269371488
812.136500933766
831.770728450592
851.772915799044
872.137225018239
892.852563780921
913.899228382419
935.242401401059
956.818132677334
978.498650432322
1000
0
0
0
0
0
0
0
0
0
0
0
0
0
0
0
0
0
0
0
0
0
0
0
0
0
0
0
0
0
0
0
0
0
0
0
0
0
0
0
0
0
0
0
0
0
0
0
0
0
0
0
0
0
0
0
0
0
0
0
0
0
0
0
0
0
0
0
0
0
0
0
0
0
0
0
0
0
0
0
0
0
0
0
0
0
0
0
0
0
0.00558668198745465
0.0127636935652731
0.0204589867770842
0.028705257583092
0.0375374148767213
0.0469924631632328
0.0571096384328624
0.0679306085515962
0.0794999248208347
0.0918640465126443
0.105072644307364
0.119178534569394
0.134238261894421
0.150311423782336
0.167460878596113
0.185754013362531
0.20834352221695
0.23480757637289
0.262978489855299
0.292961775755477
0.324854423344979
0.358935511194749
0.395433861013303
0.434211357384848
0.475411258462482
0.5191698031722
0.565630423664959
0.614949303476837
0.670052582952532
0.730164088339055
0.793886513116312
0.861470620232628
0.933272730105143
1.0094467805871
1.09007753495716
1.17553936116555
1.26606570281493
1.36262789181526
1.46671907372189
1.57723829247193
1.69409747438926
1.81763786281828
1.9480740480387
2.08572804570238
2.23095822915482
2.3850158292663
2.54869225128642
2.72134202862402
2.90315919338995
3.094476809635
3.29580800552241
3.50765086236712
3.73106874064657
3.96630714643837
4.21328763554252
4.47240597015525
4.74428310434245
5.02945732941606
5.32869069997728
5.64218842503288
5.97022893768398
6.31341300995521
6.67248423575508
7.0479344611829
7.44008811856778
7.84941745564192
8.27660185555339
8.7222603803181
9.1868501511408
9.67101483093193
10.1753028919175
10.7003345542575
11.2466960829108
11.8150345385921
12.4059898812636
13.0202173460358
13.6583990417378
14.321246065581
15.0095105079219
15.723865614113
16.4650782220473
17.2339250836014
18.0311743186182
18.8576452730863
19.7141632590606
20.6015774450588
21.5207614653058
22.4726081420789
23.4580349076569
24.4779803979237
25.5334322139357
26.6253533616971
27.7547620306895
28.9226799509811
30.1301671227611
31.3783006719311
32.6681875505548
34.0009575035393
35.3777671267318
36.7997983825701
38.2682598417124
39.7843866474584
41.3494410391786
42.9647126647922
44.6315189818446
46.3512056419226
48.125146892805
49.9547459906055
51.8414356264035
53.7866783710505
55.7919671424941
57.8588268816283
59.9888157655432
62.1835175379533
64.4445487577814
66.7735590088461
69.1722312386391
71.6422821558859
74.1854626389172
76.8035581559357
79.4983891772708
82.2718116328979
85.1257174318011
88.0620349988289
91.0827298189099
94.1898049847523
97.3853017470349
100.671300067165
104.04991917296
107.52331811758
111.093696341972
114.76329424096
118.534393733068
122.409318834119
126.39043623464
130.480155881091
134.680931560966
138.995261491828
143.425688914355
147.974802689508
152.645237899935
157.439676455771
162.360847704968
167.411529048335
172.59454655943
177.912775609496
183.369141497566
188.966620085911
194.708238440943
200.597075479711
206.636262622068
212.828984448604
219.178479364401
225.688040268621
232.361015229966
239.20080816796
246.210879540006
253.394747034135
260.755986267304
268.298231489072
276.025176290416
283.940574317369
292.048239989118
300.352049220043
308.855940145093
317.56391384773
326.480035089453
335.608433039723
344.953302004755
354.51890215332
364.309560237227
374.329670303577
384.5836943952
395.076163234831
405.811676887464
416.794905394073
428.030589368184
439.523540544818
451.278642268748
463.300849905951
475.595191158168
488.166766255656
501.02074799699
514.16238159702
527.596984294099
541.329944654883
555.366721498438
569.712842339922
584.373901224891
599.355555694915
614.663523364035
630.30357620571
646.281533738273
662.603253916182
679.274620988633
696.301529255784
713.689861131581
731.445457138797
749.574074208598
768.081326585384
786.972600097152
806.252924265686
825.926775071339
845.997758432301
866.468077312287
887.337580447225
908.601935624012
930.248772924419
952.248311526306
974.518271795861
996.761334994005
0.69305176414373
0.693051764143734
0.693051764144237
0.693051764152402
0.693051764208701
0.693051764453535
0.693051765253817
0.693051767409492
0.693051772459994
0.693051783110611
0.693051803798767
0.693051841420178
0.693051906234897
0.693052012973207
0.693052182161372
0.693052441687222
0.693052828625548
0.693053391343318
0.693054191904679
0.693055308795742
0.693056839989144
0.693058906368365
0.693061655531801
0.693065265996584
0.693069951822149
0.693075967673548
0.693083614344516
0.693093244760323
0.693105270480412
0.693120168720884
0.69313848991688
0.69316086584493
0.693188018325385
0.693220768525054
0.693260046880224
0.693306903660282
0.693362520192222
0.693428220766366
0.693505485243745
0.693595962385642
0.69370148392596
0.693824079407161
0.693965991800725
0.694129693933222
0.694317905739349
0.694533612363477
0.694780083131571
0.695060891415667
0.695379935413438
0.695741459865835
0.696150078736219
0.696610798874983
0.697129044694237
0.697710683877807
0.698362054152554
0.699089991147849
0.699901857370984
0.700805572327246
0.701809643814591
0.702923200423973
0.704157316868962
0.705524682834285
0.707033484082651
0.708695724592242
0.710524213689829
0.712532606653671
0.714735446786178
0.717148209000664
0.719787344968429
0.722670329874421
0.725815710831658
0.729243157006457
0.732973511508322
0.737028845099907
0.741432511783874
0.746209206324533
0.751385023762827
0.757002258074669
0.763077082486687
0.769639656439188
0.776722397814924
0.784359458458221
0.792586796989478
0.801442253994177
0.810994243463628
0.821260625298631
0.832283113896103
0.844108016169896
0.856786648474453
0.870396406425568
0.884963659991134
0.900544555732007
0.917214142255426
0.93505810914711
0.954103995849285
0.974424192733657
0.996118772861629
1.01922973459276
1.04385470220587
1.07009195904858
1.09799118711027
1.12771038369215
1.15928394009757
1.19284341454999
1.22847247873821
1.26630126012568
1.30643200913405
1.34910345830857
1.39438088587346
1.44244140673299
1.49330797721216
1.54718671937193
1.60415327815851
1.66438846327275
1.72807388869413
1.79532113311226
1.86634563906313
1.94135259582926
2.02047648539346
2.1039265448247
2.19192724255422
2.28464719325845
2.3823181281136
2.48522112726138
2.59356964442664
2.70753217806729
2.82734697547338
2.95326069108888
3.08556290930561
3.22454256006621
3.37044869620684
3.52357521686521
3.68423769759544
3.85275444660802
4.02938005425846
4.21448239806514
4.40835013031825
4.61133538573902
4.82379813251744
5.04611514346911
5.27866294045635
5.52181224473244
5.7759481506767
6.04148484755041
6.31885442300035
6.60849812672456
6.91084459475801
7.22631377843093
7.55536556620666
7.89848361498887
8.25616401488157
8.62890440240323
9.0172093458497
9.42160269507006
9.84263021140765
10.2808503257931
10.7368284571872
11.2111443782139
11.7043941159035
12.2171861024663
12.7501450047359
13.3039105057776
13.8791391655749
14.4765027853037
15.0966904953365
15.7404090813565
16.408382372966
17.1013491688048
17.8200614325601
18.5652952883088
19.3378428721745
20.1385134167013
20.9681385012564
21.8275676773511
22.7176707772113
23.6393385085362
24.5934814185666
25.5810320299806
26.6029451529192
27.6601979500672
28.7537841566968
29.884724433755
31.0540599652394
32.2628573965355
33.5122052699662
34.8032169404881
36.1370297223382
37.5148064320574
38.9377350444334
40.4070294530479
41.9239296856138
43.4897024079606
45.1056412990459
46.7730674924455
48.493330000655
50.2678061589294
52.0979020790955
53.9850531226578
55.930724391974
57.9364111867597
60.0036392178154
62.1339653265759
64.3289765560065
66.5902920967032
68.9195637437737
71.3184763592782
73.7887482982546
76.3321318457783
78.9504136659566
81.6454152753832
84.4189935927572
87.2730414840672
90.2094883043194
93.2303004396525
96.3374818516105
99.5330746244487
102.819159515937
106.197856511907
109.671325384663
113.24176625532
116.911420160066
120.682569620357
124.557539217036
128.538696168379
132.628450912087
136.829257691271
141.14361514449
145.574066899914
150.123202173729
154.793656372896
159.58811170239
164.509297777061
169.559992238265
174.743021375399
180.061260752504
185.517635840038
191.115122651979
196.85674838835
202.745592083277
208.784785258662
214.977512583522
221.327012539063
227.836578089485
234.50955735853
241.349354311731
248.359429444316
255.543300474643
262.904543043051
270.446791415919
278.173739194697
286.089140029579
294.196808337418
302.500620023356
311.004513205538
319.712488942075
328.628611959254
337.75701137973
347.101881449097
356.667482258899
366.458140463618
376.478249988614
386.732272725247
397.22473920853
407.96024927152
418.943472669301
430.179149663715
441.672091557871
453.427181166851
465.449373207799
477.743694588474
490.315244568314
503.169194759555
516.310788927876
529.745342541589
543.478242004995
557.514943494196
571.860971291559
586.521915489766
601.503428926875
616.811223229712
632.451062994586
648.428758627716
664.750156725446
681.421127277633
698.44754653348
715.835273827
733.590119816801
751.717802239729
770.22388303211
789.113676824746
808.392113974205
828.063528588186
848.131317229928
868.597362867168
889.461005944513
910.717075598448
932.351780992454
954.33291755589
976.56933249888
998.712179216306
0
0
0
0
0
0
0
0
0
0
0
0
0
0
0
0
0
0
0
0
0
0
0
0
0
0
0
0
0
0
0
0
0
0
0
0
0
0
0
0
0
0
0
0
0
0
0
0
0
0
0
0
0
0
0
0
0
0
0
0
0
0
0
0
0
0
0
0
0
0
0
0
0
0
0
0
0
0
0
0
0
0
0
0
0
0
0
0
0
0
0.00686726977959683
0.0145073090387414
0.02269262291914
0.0314575655751748
0.0408387239257538
0.0508743599432209
0.0616052320957889
0.0730745690596278
0.0853282096417391
0.0984150896703632
0.112386823290218
0.127297721135574
0.143205906636908
0.160173359005371
0.178265780912855
0.197590432783771
0.221122628468091
0.248964184794855
0.27860974305925
0.310142392515425
0.343668983998071
0.379415534140399
0.417738023626012
0.458428440768282
0.501622655957938
0.547482701392668
0.596146876679576
0.647840803148989
0.704569453094479
0.767433043785139
0.834034324666857
0.904598071787098
0.979464961915866
1.05896835836963
1.14306695239394
1.23209894245372
1.32636983460452
1.42648925307707
1.53421423192065
1.64923004350578
1.77065525618573
1.89897328823094
2.03451894362569
2.17747105246746
2.32822844271411
2.48740967537066
2.65669493046827
2.83573707291948
3.02414225358314
3.22239758119911
3.43083475185331
3.65000336211034
3.88073156460102
4.12397436688377
4.37952056284787
4.64752365961155
4.92843993707124
5.22303122704049
5.53200420168516
5.85593535365825
6.19491760975079
6.54933425682492
6.91985103541066
7.30729537074287
7.71221531422101
8.13481196050354
8.57562464143519
9.03538880933646
9.51478939397346
10.0142608990213
10.5343567041674
11.0758887363023
11.6394259446798
12.2255237352287
12.834874438527
13.4682151646317
14.1261837895116
14.8094808555416
15.5188743033397
16.2550910241511
17.0189562268779
17.8112058806202
18.632642559188
19.4841140284226
20.3664416552232
21.280499842072
22.2271783052582
23.2073858540458
24.2220589060561
25.2721497366972
26.3586383984641
27.4825268145038
28.6448412357296
29.8466541642509
31.089022253864
32.3730543522275
33.6998671447329
35.0706142872378
36.4864679513511
37.9486311954084
39.4583314177732
41.0168244756689
42.6253931270508
44.2853483011133
45.9980290675633
47.7648031806271
49.5870674064604
51.4662479452532
53.4038008363623
55.4012123853689
57.459999604271
59.5817106480622
61.7679252945211
64.0202552038455
66.3403443916705
68.7298697286899
71.1905415532944
73.7241065884339
76.3323435337209
79.0170642467757
81.7801165739274
84.6233845040958
87.5487885535848
90.5582862387394
93.6538725858242
96.837580659251
100.111482100796
103.477687676745
106.938347831557
110.495653247274
114.151835408182
117.909167170373
121.769963335912
125.736581231381
129.811421290624
133.996927641552
138.295588696915
142.709937749005
147.242553568265
151.896061005846
156.673131600177
161.576484187648
166.608885517518
171.773150871209
177.072144686127
182.508781184189
188.086025005235
193.806891845476
199.674449101161
205.691816517619
211.862166843803
218.188726492482
224.674776206169
231.323651728891
238.138744483844
245.123502256981
252.281429886546
259.616089958531
267.131103508009
274.830150726255
282.716971673539
290.79536699741
299.069198656252
307.542390647818
316.218929742377
325.102866220004
334.198314611428
343.50945444172
353.040530975893
362.795855965296
372.779808393388
382.996835219147
393.451452115934
404.148244203139
415.091866767248
426.287045968229
437.738579526103
449.451337381382
461.430262321547
473.680370563868
486.206752282562
499.014572065413
512.109069281356
525.495558336014
539.179428786481
553.16614527935
567.461247266817
582.070348444085
596.999135833809
612.253368479328
627.838875509265
643.761553479522
660.027362791219
676.642322886808
693.612505829997
710.94402771925
728.643037148662
746.715699566038
765.168175800729
784.006592088777
803.236997319405
822.865300391665
842.897175311412
863.337911342698
884.192163884757
905.463512402226
927.153605818595
949.260283101756
971.771415472818
994.637976427764
0.724252883707205
0.724252883707208
0.724252883707709
0.724252883715819
0.724252883771747
0.724252884014966
0.72425288480997
0.724252886951427
0.724252891968617
0.724252902548986
0.724252923100689
0.724252960473962
0.724253024861183
0.724253130895481
0.724253298967735
0.724253556781834
0.724253941168037
0.724254500174297
0.724255295455406
0.724256404979801
0.724257926073921
0.724259978823929
0.724262709854699
0.724266296505898
0.724270951425062
0.724276927597498
0.724284523832922
0.72429409072869
0.724306037129534
0.724320837103695
0.724339037455383
0.724361265793496
0.72438823917657
0.724420773353955
0.724459792623237
0.724506340323999
0.724561589988037
0.724626857166234
0.724703611952357
0.724793492224153
0.724898317622201
0.725020104287125
0.725161080375933
0.725323702378373
0.725510672254468
0.725724955414558
0.725969799563502
0.726248754430946
0.726565692409974
0.72692483012681
0.7273307509647
0.727788428565658
0.728303251334246
0.728881047968306
0.729528114042191
0.73025123966888
0.731057738268249
0.731955476469704
0.732952905178499
0.734059091836167
0.735283753906798
0.736637293622247
0.738130834020819
0.739776256315546
0.741586238629846
0.743574296140089
0.745754822666437
0.74814313375523
0.750755511298113
0.75361379773321
0.756734302804066
0.760134614084568
0.763835402454358
0.767858555442782
0.772227232206063
0.776965920409266
0.782100495071225
0.787658279431163
0.79366810789577
0.800160391124984
0.807182848717147
0.814761601547908
0.822925995566329
0.831713555608018
0.841163747750448
0.851318058529847
0.862239854200451
0.873970404934052
0.886544922567464
0.900013952209666
0.914437911799539
0.929906833853687
0.946440231157922
0.964099221247652
0.98298278034326
1.00315035364175
1.02464796143206
1.0475714711353
1.07199504253808
1.0979809509351
1.12567053342411
1.15510454700722
1.18640036267356
1.21965875682102
1.25496343135068
1.29245389822495
1.33221102117755
1.37441303099578
1.41915867767687
1.46665542696176
1.51702369454851
1.57039516298999
1.62688725430176
1.68658093359943
1.74969402522182
1.81634901353184
1.88669436840714
1.96099482489542
2.03939981575018
2.12208716977237
2.20929877641678
2.30119317387564
2.39795856704908
2.49982245847503
2.60716607991174
2.72014304365518
2.83893234056449
2.96376108309984
3.09490478622245
3.2326938616443
3.37734515617291
3.52914989983893
3.68841722457406
3.85546903888771
4.03062384566192
4.21422837586867
4.40653161659623
4.60787887908458
4.81862843920685
5.03915335434015
5.26984136307532
5.51108917926062
5.76329187967527
6.02683171250572
6.3021265006153
6.58961119355862
6.88971162287627
7.20288398433798
7.52958558502781
7.87027546131007
8.22543720232946
8.59558122289596
8.98123392951368
9.38292229719782
9.8011714818086
10.2365252118877
10.6895586296609
11.1608631214297
11.6510322765862
12.1606673195052
12.690397931164
13.2408736921459
13.8127403437037
14.4066625915646
15.0233336026213
15.6634611266827
16.3277589880724
17.0169658181034
17.7318423620775
18.4731618034007
19.2417237884773
20.0383272179001
20.8638011742869
21.7189983858937
22.6047807128949
23.522050403234
24.4717070889532
25.454671823733
26.4718958178888
27.5243502910201
28.6130284932309
29.7389465448054
30.9031438730287
32.106689428379
33.3506674851036
34.636188110539
35.964381826595
37.3364070481743
38.7534463748489
40.2167089102881
41.7274295401621
43.2868698756073
44.8963184106896
46.5570910479794
48.2705314770807
50.0380116195332
51.8609320591698
53.7407224884464
55.6788421627122
57.6767803596915
59.7360567976856
61.8582221309778
64.0448582044792
66.2975786112667
68.6180292156894
71.0078887811395
73.4688694529243
76.0027173910782
78.6112127963077
81.2961701980688
84.0594392830504
86.9029055331989
89.8284907830612
92.8381537590914
95.9338906178461
99.1177354878467
102.391761016384
105.758078921488
109.218840548961
112.776237434291
116.432501869245
120.189907472946
124.050769767288
128.017446756531
132.092339510996
136.277892754758
140.576595457318
144.990981429243
149.523629921782
154.177166230521
158.954262303161
163.857637351506
168.89005846779
174.054341245476
179.353350404678
184.79000042235
190.367256167398
196.08813354087
201.955700121362
207.973075815786
214.143433515606
220.469999758665
226.956055396689
233.604936268532
240.420033879226
247.404796084844
254.562727783198
261.897391610332
269.412408642756
277.111459105337
284.998283084702
293.076681247982
301.350515566668
309.823710045254
318.500251454307
327.384190067462
336.479640401731
345.79078196038
355.321859977399
365.077186162402
375.061139444473
385.278166713135
395.732783554178
406.429574977532
417.373196133715
428.56837301454
440.019903132787
451.732656174217
463.711574613821
475.961674286219
488.488044897742
501.295850464738
514.390329658909
527.776796035785
541.460638116508
555.447319285551
569.742377457422
584.351424453698
599.280145019457
614.534295425069
630.119701395639
646.042255312895
662.307912443233
678.922685885844
695.892639825769
713.22388050938
730.922544107154
748.994780237503
767.446729302728
786.28449076451
805.51407774136
825.141350209841
845.171913310086
865.610955851403
886.462980049783
907.731318347995
929.417191416924
951.51761257239
974.018211955281
996.861120722349
0
0
0
0
0
0
0
0
0
0
0
0
0
0
0
0
0
0
0
0
0
0
0
0
0
0
0
0
0
0
0
0
0
0
0
0
0
0
0
0
0
0
0
0
0
0
0
0
0
0
0
0
0
0
0
0
0
0
0
0
0
0
0
0
0
0
0
0
0
0
0
0
0
0
0
0
0
0
0
0
0
0
0
0
0
0
0
0
0
0
0.00168365074831359
0.00928225899398718
0.0174218488175456
0.0261362685949165
0.0354613576498876
0.0454350433637802
0.0560975270822575
0.0674915778924117
0.0796620040795545
0.0926565346512226
0.106525785413281
0.121323668241882
0.137107489363761
0.153937158302074
0.171876624867298
0.19099411714268
0.211658801943702
0.236938034512738
0.266329271217244
0.297581817279946
0.330800581754882
0.366107777499588
0.403775110132976
0.444068011893293
0.486846510998231
0.532234856634848
0.580389054849954
0.631472447911996
0.685834820521248
0.745412860747724
0.811114681486161
0.880886822668246
0.954772342867053
1.03310123345497
1.11624858769313
1.20418280752919
1.29722196912172
1.39567897074116
1.50011454237891
1.61236872905758
1.73228778719324
1.85890918792804
1.99255116693433
2.1337623916421
2.28263882056595
2.43956844257153
2.60515701294849
2.78079236660993
2.96692072934193
3.16273550429726
3.36869681070033
3.58521586677479
3.81267910262523
4.05194716759021
4.30408216684332
4.56916758093077
4.8470948223826
5.13835558743584
5.44344483250693
5.76338625565351
6.0988385632018
6.44992390648228
6.81691425536025
7.20037102234439
7.60110228180235
8.01990753632194
8.4571143508994
8.91304877170474
9.38839079816679
9.88391729772322
10.4002196891643
10.937755904066
11.4971684976535
12.0793368818394
12.684799623871
13.3141424359982
13.9681154298481
14.6474893618553
15.3529193368515
16.0851454568139
16.8449752417858
17.6331766084659
18.4505575541779
19.2979913804634
20.1762609055053
21.086242041002
22.0288342179856
23.0049197929436
24.0154384544727
25.0613388759454
26.1435916803844
27.2631968420448
28.4211740453229
29.6185696128609
30.8564536266672
32.1359235907283
33.458112704744
34.8241671884099
36.2352533129746
37.6925686916859
39.1973353874333
40.7508042762507
42.3542529870032
44.0089875302318
45.7163419700425
47.4776791317998
49.2943908221749
51.1678982923897
53.0996526108902
55.0911350884792
57.1438576981647
59.2593635077123
61.439227119548
63.6850551047435
65.9984864353986
68.3811929325022
70.834879751332
73.3612858821381
75.9621847442956
78.6393845339709
81.3947285986455
84.2300959714108
87.1474020303108
90.148601616041
93.235682489353
96.4106708336562
99.6756317193408
103.032669419104
106.483927863109
110.031591154165
113.677884111236
117.42507282812
121.27546524166
125.231411706909
129.295305578028
133.469583794231
137.756727470384
142.159262491998
146.679760114435
151.320837566233
156.08515865649
160.975434386308
165.994423564327
171.144933426436
176.429820259749
181.851990030986
187.414399019403
193.120054454427
198.972015158165
204.973392192961
211.127349514148
217.437104628172
223.905929256218
230.537150003474
237.334149034141
244.300364752289
251.439292488616
258.754485193166
266.249554134023
273.928169601967
281.794061621063
289.8510206651
298.10289837977
306.553608310437
315.207126635275
324.067492903512
333.138810778441
342.425248784738
351.931041059571
361.660488106788
371.617957553351
381.807884906947
392.234774313463
402.90319931269
413.81780359024
424.983301723159
436.404479916149
448.086196724545
460.033383759328
472.251046368282
484.74426428607
497.518192244251
510.578060530135
523.929175480732
537.57691989472
551.526753341187
565.784212338665
580.354910371407
595.24453770183
610.458860934903
626.003722257447
641.885038261533
658.1087982439
674.681061834349
691.607955754732
708.895669439127
726.550449142543
744.578590011833
762.986425357389
781.780311993905
800.966609915327
820.55165354822
840.54171002157
860.942916525023
881.761182153294
903.002025350505
924.67028420129
946.769540714543
969.300550666428
992.255226686381
0.754823855249206
0.754823855249209
0.754823855249708
0.754823855257784
0.754823855313467
0.754823855555622
0.754823856347152
0.754823858479251
0.754823863474516
0.754823874008648
0.754823894470539
0.754823931680488
0.754823995786334
0.754824101357255
0.754824268695023
0.754824525382459
0.75482490808887
0.754825464652239
0.754826256457917
0.754827361133617
0.754828875580449
0.754830919359787
0.754833638455732
0.754837209432951
0.754841844009662
0.75484779406556
0.754855357104464
0.754864882191473
0.754876776384452
0.754891511679648
0.754909632491275
0.754931763684923
0.754958619184644
0.754991011173636
0.755029859908453
0.75507620416671
0.755131212348336
0.755196194250439
0.75527261353596
0.755362100916374
0.755466468068779
0.755587722307852
0.755728082033302
0.755889992973585
0.756076145246866
0.756289491260427
0.756533264469965
0.756810999020533
0.757126550291192
0.757484116365852
0.757888260453165
0.758343934278874
0.758856502474519
0.759431767987042
0.760075998534519
0.760795954133989
0.761598915728204
0.762492714939041
0.763485764976376
0.764587092732259
0.765806372091528
0.767153958491246
0.768640924762806
0.770279098292016
0.772081099534149
0.774060381922592
0.776231273211531
0.778609018295001
0.781209823546494
0.784050902725295
0.787150524497694
0.79052806162312
0.794204041857163
0.7982002006252
0.802540156934034
0.807254954326476
0.812363588730731
0.817893232875955
0.823872561046643
0.830331813619703
0.837302863774182
0.844819286429999
0.852916429469644
0.861654047788145
0.871061371850529
0.881169456771329
0.892021661781005
0.903663518909135
0.916152016620954
0.92954935527689
0.94388886057646
0.959225742799792
0.975632740540881
0.993208231616295
1.01196721540956
1.03197624292845
1.05335498474972
1.07613678272115
1.1003903086578
1.12624549806868
1.15373944610844
1.18298472883469
1.21408913022015
1.24711055674933
1.28221155547693
1.31942962425071
1.35895427805727
1.40082630460676
1.44527598181711
1.49232583759986
1.54231044949991
1.59520892242101
1.65130283274645
1.71061935993122
1.77329028721927
1.83952421966357
1.90942058398891
1.98317816743791
2.06104629255016
2.14316086258968
2.22973647333081
2.32102731780114
2.41715337565871
2.51833540875455
2.62482869368737
2.73700780902824
2.85500371260979
2.97903443333979
3.10932345239477
3.24619200878455
3.38990989201611
3.54072955759467
3.69895790762591
3.86491277260149
4.03890785564283
4.22131216060595
4.41243726604514
4.61255683308365
4.82202193784622
5.04120220879981
5.27047998036605
5.51025319405653
5.76093609795239
6.02294247170293
6.29667095218597
6.58251552782256
6.88090088575472
7.19228889290863
7.51716018669803
7.85598917604145
8.20924555531008
8.57741621759073
8.96101692057562
9.36058787088461
9.77668063635108
10.2098437520929
10.6606266396158
11.1296050908869
11.6173857445532
12.1245872192604
12.6518284659582
13.1997398835378
13.768982635883
14.3602463390106
14.9742036462225
15.6115462456702
16.2730015696118
16.9593180810915
17.6712634002231
18.4095906917662
19.1750926005753
19.9685763127679
20.790869708793
21.642826947176
22.5253033676766
23.4391880013104
24.3853886456504
25.3648271299234
26.3784512779046
27.4272302413586
28.5121546388083
29.6342380667939
30.7945168717073
31.9940525645767
33.2339288956864
34.5152534223294
35.8391585859178
37.2068005451503
38.6193594323378
40.0780408966448
41.58407640104
43.1387238892145
44.7432681318939
46.3990212067407
48.1073229028892
49.8695411620479
51.687072508553
53.5613424912802
55.4938061297469
57.4859483674545
59.5392845215408
61.6553607454911
63.835754455456
66.0820747835815
68.3959630529893
70.7790932997691
73.2331727856968
75.7599425240226
78.3611777020465
81.0386880697837
83.7943184430573
86.6299493202231
89.5474973378652
92.54891605725
95.6361960769204
98.8113656713099
102.076491468958
105.433679046713
108.885073497045
112.432859991035
116.079264343649
119.82655358326
123.677036525864
127.633064354021
131.697031200359
135.871374735521
140.158576760389
144.561163802492
149.081707716521
153.72282628892
158.487183846535
163.377491869373
168.396509607516
173.547044702286
178.831953811757
184.254143240756
189.81656957548
195.522240322875
201.374214554937
207.375603558069
213.529571487658
219.839336027986
226.308169057626
232.939397320412
239.736403102091
246.702624912738
253.841558174972
261.156755918031
268.651829477698
276.330449202076
284.196345163142
292.253307874031
300.505189011904
308.955902146243
317.609423472361
326.469792549833
335.541113045494
344.827553480551
354.333347981217
364.062797032187
374.020268232031
384.210197049409
394.637087578745
405.305513293632
416.220117795862
427.385615557477
438.806792652595
450.488507475004
462.43569143661
474.653349640599
487.146561521804
499.920481444928
512.980339249102
526.331440724462
539.979168003037
553.92897984184
568.186411770653
582.757076070206
597.646661538477
612.860933001223
628.405730477064
644.286967910983
660.510631361985
677.082776489325
694.009525128399
711.297060671817
728.951621860868
746.97949442763
765.386999774555
784.180479477319
803.366273739977
822.950690813427
842.939962397238
863.340176307486
884.157170221911
905.396354172432
927.062390730937
949.15854971896
971.68487204181
994.630927850237
0
0
0
0
0
0
0
0
0
0
0
0
0
0
0
0
0
0
0
0
0
0
0
0
0
0
0
0
0
0
0
0
0
0
0
0
0
0
0
0
0
0
0
0
0
0
0
0
0
0
0
0
0
0
0
0
0
0
0
0
0
0
0
0
0
0
0
0
0
0
0
0
0
0
0
0
0
0
0
0
0
0
0
0
0
0
0
0
0
0
0
0
0
0
0
0.00369179470358954
0.0135833183945905
0.0241998962200339
0.0355926312909816
0.047817151686559
0.0609320020178534
0.0750005545563566
0.0900912176789151
0.106279159021098
0.123642036687011
0.142265251907811
0.162242396670841
0.184021152378177
0.208296541842613
0.234436819724579
0.262486699055847
0.292589801046502
0.326169054821084
0.36662272032142
0.410141789895598
0.456619695925242
0.506244449558883
0.559227413225453
0.616423073176678
0.677966450094332
0.743699928413562
0.814302119999845
0.889710449328853
0.970004644313118
1.05667343733345
1.15060557732856
1.25067700655054
1.35751787262383
1.47100840695964
1.59164565575726
1.71966599254122
1.85530758999755
1.99882102339808
2.15139419166951
2.31334481920309
2.48452812238611
2.66526655890848
2.85579704664581
3.05639442505906
3.26745214495305
3.49002453434861
3.72410602284693
3.96991182272253
4.22776813738051
4.49818782543139
4.78163550456805
5.07859918081943
5.38936253053635
5.71431521785712
6.05408227422282
6.40907645447615
6.77973558907743
7.16651116766886
7.56993607901821
7.99053676369085
8.4289135812791
8.88551885695933
9.36091706996328
9.8557030570504
10.3704594666644
10.9057827938506
11.4623087738817
12.0406928178952
12.6416151186708
13.2657140334372
13.9136922632102
14.5862625473545
15.284147968296
16.0081012778815
16.758890349177
17.537302671209
18.3441464621071
19.1802500498007
20.0464769630203
20.9436920359049
21.8727788179926
22.8346489056792
23.8302325140431
24.8604854376803
25.9263848755085
27.0289320784008
28.1691507496871
29.3480882810288
30.5668159393591
31.8264292498024
33.1280482514174
34.4728178975037
35.8619084366831
37.2965158766649
38.777862356416
40.3071965715642
41.8857995320402
43.5149713217055
45.1960401864248
46.9303644644019
48.7193309900517
50.5643558291156
52.4668847135182
54.4283934231468
56.450388198058
58.5344061080077
60.6820153140271
62.8948156766996
65.1744392324309
67.5225507543129
69.9408482772456
72.4310635930753
74.9949627342671
77.6343464647985
80.351050786557
83.1469474625431
86.0239445519972
88.9839869501051
92.0290569301141
95.1611746879034
98.3823988894572
101.694827221622
105.100596946407
108.601885458993
112.200910849553
115.899932468967
119.701251498499
123.607211523482
127.620199111115
131.742644392421
135.977021648486
140.325849901056
144.791693507636
149.377162761154
154.084914494354
158.917652688983
163.878129089885
168.969143824084
174.193546024899
179.554234461142
185.054158171397
190.696317103336
196.483762758006
202.419598838967
208.506981913707
214.749122059407
221.149283501638
227.710785333416
234.437002158356
241.331364761873
248.397360783953
255.6385353924
263.058491955329
270.66089271136
278.449459434989
286.42797409125
294.600279500817
302.970279973312
311.541941921097
320.319294464524
329.306430005907
338.507504769902
347.926739302153
357.568418916475
367.43689407897
377.536580715238
387.871960424215
398.447580579035
409.268054291573
420.338060212917
431.662342136712
443.245708365968
455.093030796296
467.209243659309
479.599341858613
492.268378817022
505.221463736444
518.463758150425
532.000471622184
545.836856406198
559.978200846285
574.429821223006
589.1970516745
604.285231749468
619.699691024216
635.445729681308
651.52859436197
667.95344753736
684.725328358675
701.849102016432
719.329393308126
737.170498043297
755.376262603703
773.949916510595
792.893833498175
812.209179907222
831.895377968258
851.949249602816
872.363574977344
893.12449771947
914.20644099029
935.561000117599
957.089002800099
978.55743216957
999.359335299545
0.627027200250314
0.627027200250318
0.627027200250832
0.627027200259157
0.627027200316559
0.627027200566192
0.627027201382161
0.62702720358009
0.627027208729588
0.627027219588971
0.627027240682642
0.627027279041483
0.627027345126656
0.627027453957179
0.627027626461657
0.627027891074561
0.627028285597398
0.627028859345196
0.627029675598651
0.627030814382322
0.62703237558927
0.627034482472502
0.627037285523631
0.627040966759115
0.627045744434488
0.627051878206979
0.62705967476692
0.627069493958378
0.627081755409417
0.627096945692477
0.627115626035315
0.627138440603019
0.627166125371642
0.627199517614014
0.627239566018389
0.6272873414606
0.627344048450519
0.627411037273673
0.627489816848999
0.627582068323847
0.627689659427504
0.627814659604671
0.627959355950579
0.628126269969622
0.628318175179747
0.628538115585096
0.628789425039838
0.629075747526539
0.629401058372903
0.629769686431336
0.630186337246342
0.630656117235553
0.631184558910961
0.631777647167811
0.632441846669634
0.633184130358974
0.634012009124577
0.63493356265714
0.635957471527128
0.637093050519744
0.638350283263776
0.639739858192849
0.641273205879436
0.642962537784021
0.644820886463782
0.646862147287284
0.649101121703812
0.651553562118048
0.654236218422881
0.657166886245079
0.660368469247738
0.663860929264737
0.667662258282564
0.67179500074743
0.676283018062778
0.681151548381495
0.686427268521039
0.692138358058673
0.698314565661262
0.704991112723612
0.712216424865305
0.720007905830577
0.728402383807192
0.73743862572393
0.747157417791598
0.757622335393167
0.768875409195856
0.780948659460845
0.793891881144131
0.807770465780641
0.822647615911567
0.838561274509503
0.855571709918631
0.873792620412016
0.893242751096646
0.913995074562706
0.936159848947962
0.95977354964728
0.984969069825215
1.01182952325481
1.04042866452094
1.0709770502449
1.10342301959208
1.13793874811818
1.17455967835284
1.21348849632374
1.25476575353569
1.29858431123389
1.34501048413495
1.39417841468391
1.44627658949569
1.50139137522205
1.55974966796998
1.62145644209391
1.68664756326426
1.75554971693217
1.82829713980401
1.90505477731921
1.98603924366429
2.07149505734004
2.16157912021021
2.2564911553382
2.35643295967627
2.46167689477567
2.57240600774251
2.68885104959414
2.81125274482103
2.93986709197524
3.07500420374929
3.21689038822741
3.36581663793097
3.52207037092865
3.68594164375137
3.85773147803902
4.03775228821853
4.22633708924822
4.42381790679292
4.63052247805472
4.84681301376571
5.07304747164172
5.3095947821405
5.5568387000556
5.81517664277349
6.08501874998452
6.3667836560519
6.66089876396588
6.96780220065475
7.28794775290143
7.6218054280194
7.96984075635986
8.33253251422442
8.71038220990126
9.10390559279434
9.51363134235022
9.94010061388947
10.3838667571671
10.8454991094606
11.3255819163501
11.8247133107162
12.3435066689957
12.8825914482165
13.4426126567397
14.024230559174
14.6281206037514
15.2549752197401
15.9055043173757
16.58043451111
17.2805099445029
18.0064929936288
18.759164478973
19.5393238596863
20.347789846426
21.1854007813436
22.0530143928312
22.9515077321553
23.8817782853947
24.8447448139859
25.8413472819742
26.8725473291066
27.9393282335694
29.0426956247577
30.1836780219369
31.3633269939876
32.5827175899406
33.8429486040529
35.1451431340695
36.4904489874402
37.8800391383442
39.3151120868225
40.7968923020373
42.326630641655
43.9056046557753
45.5351188081335
47.2165051402942
48.9511237386551
50.7403632937445
52.5856415119076
54.4884055276226
56.450132313443
58.4723290656432
60.5565336174423
62.7043149643331
64.9172737615339
67.1970429069804
69.5452880320744
71.9637079808656
74.4540352874076
77.0180366664212
79.6575135207345
82.374302462787
85.170275848395
88.0473423120099
91.0074473036821
94.0525736286843
97.1847419903893
100.406011536739
103.71848041049
107.124286303348
110.625607014042
114.2246610104
117.923707995448
121.725049477589
125.631029344903
129.644034443641
133.766495160975
138.000886012103
142.349726231785
146.815580370419
151.401058894754
156.108818793327
160.941564186721
165.902046942722
170.993067296425
176.217474475348
181.578167329553
187.078094966765
192.720257392439
198.50770615468
204.443544993871
210.530930496598
216.773072753564
223.173236022412
229.734739394184
236.460957460858
243.355320985892
250.421317576014
257.66249235317
265.082448625337
272.684848554666
280.473413821194
288.451926280719
296.624228612702
304.994224951721
313.565881503395
322.343227139765
331.330353965811
340.531417851056
349.950638917893
359.592301976668
369.460756895627
379.560418891571
389.895768724353
400.471352775171
411.291782984808
422.361736623418
433.685955858098
445.269247077948
457.116479928534
469.232585998194
481.622557087048
494.29144297537
507.244348590261
520.486430447489
534.022892217184
547.858979226156
561.999971662777
576.45117618908
591.217915583618
606.305515929389
621.719290672845
637.464520710918
653.54642942514
669.970151014174
686.740689942617
703.862868373159
721.341257028339
739.180082707398
757.383102112012
775.95342570093
794.893265061553
814.203558862969
833.88339755838
853.929096814305
874.332617879717
895.07867450712
916.138918206364
937.458690641047
958.920907239521
980.215020689463
1000
0
0
0
0
0
0
0
0
0
0
0
0
0
0
0
0
0
0
0
0
0
0
0
0
0
0
0
0
0
0
0
0
0
0
0
0
0
0
0
0
0
0
0
0
0
0
0
0
0
0
0
0
0
0
0
0
0
0
0
0
0
0
0
0
0
0
0
0
0
0
0
0
0
0
0
0
0
0
0
0
0
0
0
0
0
0
0
0
0
0
0
0
0
0
0
0
0.00228226396966684
0.0127118493186704
0.0238967909908329
0.0358890734008421
0.0487449513784674
0.0625250470959861
0.0772949250032854
0.0931236412380183
0.11008615982822
0.128264485228387
0.147744910347336
0.168620118690287
0.190992808915989
0.216193361819881
0.243429234628438
0.272635072279336
0.303943499263985
0.337890827963828
0.378223139618904
0.423463189896004
0.47171496848858
0.523198246481524
0.578102806321751
0.636918582913481
0.700420366926707
0.768331926635583
0.841005888039709
0.918851849430758
1.00182793073929
1.09018856870086
1.18614978755412
1.28927869515291
1.39901935127433
1.51593461811676
1.64006818541405
1.77172812479323
1.9113629920781
2.05920327716398
2.21542614193964
2.38143923072225
2.55755538672542
2.74343108213085
2.9393455262197
3.14581283185626
3.3630422366811
3.59144537999644
3.83188864780674
4.08488452175047
4.3502702152073
4.62846416266386
4.91990143199232
5.22526265590136
5.54505934244785
5.87957466136899
6.2291512555968
6.59429255354451
6.97568824329773
7.37380588287709
7.78900905121889
8.22182864288002
8.67287350874895
9.1427084281745
9.63187595888003
10.1410198622538
10.6706947930211
11.2215165816603
11.7941306815619
12.3891918768848
13.0073637401732
13.6493400819796
14.315835714875
15.00761928433
15.7253850467222
16.4699061515525
17.2419716959619
18.042370733209
18.871931182255
19.7314929949037
20.6219179656254
21.5440908488414
22.4989160241741
23.487321123683
24.510264401934
25.56872176844
26.663675214952
27.7961440407396
28.9671631218978
30.1777971059783
31.4291325075409
32.7222821514279
34.0583823952488
35.4385951168872
36.8641075972986
38.3361333689577
39.8559124146461
41.4247116386689
43.0438252369486
44.7145751061619
46.4383112538465
48.216412217224
50.050285494539
51.9413679898798
53.8911264786852
55.9010630910099
57.9727021809191
60.1076011685067
62.3073503060341
64.5735714187556
66.9079188949874
69.3120803085703
71.7877769410593
74.3367641925352
76.9608319829724
79.6618052465132
82.4415444065281
85.3019459172788
88.2449428171937
91.2725052799655
94.3866411641757
97.5893965637433
100.882856360754
104.269144781509
107.750425956208
111.328904482439
115.006825992557
118.786477724954
122.670189099214
126.660332295158
130.759322835779
134.969620174097
139.293728283985
143.734196255058
148.293618891698
152.974637316362
157.77993957729
162.712261260777
167.77438610815
172.969146637623
178.29942477117
183.768152466593
189.378312354894
195.132938383108
201.035116462703
207.087985123632
213.294736174131
219.658615366303
226.182923067529
232.871014937701
239.726302612257
246.752254390968
253.952395932367
261.330310953706
268.889641936244
276.634090835626
284.567419797045
292.693451874795
301.016071755689
309.53922648574
318.266926199293
327.203244849613
336.352320939715
345.718358251867
355.305626573862
365.118462419675
375.161269741522
385.438520629668
395.954755995396
406.714586231496
417.722691843252
428.983824041258
440.502805285292
452.284529765913
464.333963807235
476.656146170304
489.256188231496
502.139274003953
515.31065996202
528.775674618314
542.539717789662
556.608259470709
570.986838210732
585.681058796074
600.696586746177
616.039151058674
631.714532533668
647.728558415649
664.08709280261
680.796023846892
697.861246554068
715.288639416188
733.084032219747
751.253160909186
769.801602929682
788.734682181768
808.057324900308
827.773832794879
847.887509379865
868.400009196695
889.310122678477
910.611297261823
932.285971605177
954.290617152733
976.497266707235
998.377878708019
0.653339633753883
0.653339633753887
0.653339633754391
0.653339633762573
0.653339633818987
0.653339634064326
0.653339634866254
0.653339637026365
0.653339642087259
0.653339652759792
0.653339673490517
0.65333971118934
0.653339776137427
0.653339883095369
0.653340052631669
0.653340312691541
0.653340700426066
0.65334126430174
0.653342066510425
0.653343185699751
0.653344720043981
0.653346790675389
0.653349545496179
0.653353163390978
0.653357858859953
0.65336388709261
0.653371549502307
0.653381199741584
0.653393250218364
0.65340817913314
0.653426538057276
0.65344896007256
0.653476168492203
0.653508986183521
0.653548345512574
0.653595298931111
0.653651030226252
0.653716866453427
0.653794290573191
0.653884954812702
0.653990694772753
0.654113544301491
0.654255751156128
0.654419793474209
0.654608397076315
0.65482455362239
0.655071539644271
0.655352936477442
0.655672651115559
0.656034938011811
0.656444421851886
0.656906121323987
0.657425473912204
0.658008361740396
0.658661383509376
0.659394243239377
0.660211609530896
0.66112145886562
0.662132360825392
0.663253510975071
0.664494765018383
0.665866674264305
0.667380522443309
0.669048363914774
0.670883063308856
0.672898336648231
0.675108793997192
0.677529983687815
0.680178438174939
0.683071721573836
0.686228478936335
0.689668487322931
0.693412708729911
0.697483344931659
0.701903894299078
0.706705261835225
0.711912401426062
0.717549188974038
0.723644973021561
0.730230716827056
0.73733906830264
0.745004432311993
0.753267925271482
0.762184027962239
0.771773578750902
0.782078895257457
0.793144455018421
0.805027589736372
0.817803207191348
0.831488969875368
0.846138956105114
0.861830253125216
0.878636507444055
0.896588627308331
0.91576057320176
0.936251856820536
0.958096744781284
0.981391711136207
1.00622715040969
1.03265371785529
1.06083579607519
1.090793883808
1.12273426312056
1.15669780834938
1.19281445730462
1.2311661935481
1.27187468869438
1.31502404301274
1.36081765788502
1.40929945944286
1.46069418197357
1.51507569345316
1.57260819672193
1.63347733476575
1.69777746524307
1.76570201533146
1.83746181848184
1.91319900011161
1.99311305786456
2.07744103112101
2.16629887077426
2.25991130298658
2.35852088472042
2.46242093907407
2.57175146483726
2.68673808646143
2.8076156871627
2.93463801674486
3.06811456857255
3.20826704776955
3.35537978157685
3.50973933921223
3.67164746012427
3.84142784403989
4.01937863653337
4.20582173198645
4.40105711023288
4.60543328812475
4.8193047187307
5.04303807958007
5.27701169811064
5.5216101235563
5.77722199124903
6.04424702908416
6.32310797961132
6.61423948999955
6.91808279247389
7.23506276321546
7.56563768095433
7.9102832197431
8.2694903700754
8.64376169027481
9.03360769632026
9.43955198078108
9.86213619738399
10.3019171729313
10.7594635754696
11.2353576014537
11.7301964831426
12.2445914107205
12.7791684058035
13.3345701478208
13.9114551572659
14.5104980043821
15.1323906013591
15.7778420697434
16.4475782913477
17.1423409729331
17.8628870611169
18.6099951723843
19.3844606752688
20.1870965908695
21.0187373335133
21.8802360076968
22.7724656946724
23.6963203014986
24.6527134267778
25.6425806316874
26.6668796579723
27.7265888536304
28.8227064553684
29.9562555536764
31.1282813569948
32.3398535469336
33.5920639896892
34.8860287987982
36.2228881749277
37.6038079271307
39.0299790337183
40.5026184341937
42.0229692241766
43.5923011774275
45.2119111161785
46.883123360193
48.607290153137
50.3857921114101
52.2200386830183
54.1114686295469
56.0615505450786
58.0717833212067
60.1436958458571
62.2788480955734
64.4788310746152
66.7452678882881
69.0798142589825
71.4841590216054
73.9600245429461
76.5091671425127
79.1333775774319
81.8344815182549
84.6143401100234
87.4748505250079
90.4179465076046
93.4455989176269
96.5598162751638
99.7626453084558
103.056171505424
106.442519669126
109.923854477227
113.502381045521
117.18034549546
120.96003552569
124.843780987553
128.833954464559
132.932971855838
137.1432929636
141.467422084669
145.907908606167
150.46734760544
155.148380454349
159.953695428048
164.88602831839
169.948163052098
175.142932313848
180.473218174402
185.941952723934
191.552118710659
197.306750184896
203.208933148651
209.261806210819
215.468561248047
221.832444071327
228.356755098323
235.044850031433
241.900140541557
248.926094957505
256.126238960942
263.504156286737
271.06348942851
278.807940349138
286.741271195881
294.86730501972
303.189926498386
311.7130826624
320.440783623325
329.377103303163
338.526180163632
347.892217933696
357.479486333345
367.292321791157
377.335128152521
387.612377374712
398.128610204064
408.888436829347
419.896537504069
431.157663128683
442.676635781516
454.458349184572
466.507769087027
478.829933545065
491.429953071462
504.313010621714
517.484361375079
530.949332258089
544.713321144147
558.781795644402
573.160291380513
587.854409596584
602.869813988551
618.212226675245
633.887422063173
649.901219438192
666.259472916182
682.968058020803
700.032853613101
717.459717284245
735.254451348924
753.422754979875
771.97015531493
790.901905593575
810.222829583262
829.937074478313
850.047699167819
870.555946131965
891.459852830068
912.751328835253
934.409126120719
956.378437342225
978.493980585467
1000
0
0
0
0
0
0
0
0
0
0
0
0
0
0
0
0
0
0
0
0
0
0
0
0
0
0
0
0
0
0
0
0
0
0
0
0
0
0
0
0
0
0
0
0
0
0
0
0
0
0
0
0
0
0
0
0
0
0
0
0
0
0
0
0
0
0
0
0
0
0
0
0
0
0
0
0
0
0
0
0
0
0
0
0
0
0
0
0
0
0
0
0
0
0
0
0
0
0.00298292084251525
0.0140199747081678
0.0258472766488282
0.038520537139913
0.0520970304015322
0.0666390528862882
0.0822136414232882
0.0988941787330337
0.116757019061316
0.135885077977794
0.156369027118081
0.178304397423447
0.201794293210961
0.228100119832017
0.256656618512735
0.28725464748472
0.320036519166021
0.35531335203511
0.39673192606717
0.44402040395418
0.494433281368619
0.548174232001828
0.605459293860365
0.66660793810399
0.732665369588152
0.803364328646602
0.878858179762849
0.959770326307229
1.04601549196479
1.13778012402352
1.23653979975457
1.34356263313442
1.45731917432603
1.57842876652457
1.7070572688068
1.84355094261152
1.98805052107574
2.14121121444382
2.30305033947397
2.47424733569724
2.65627354954671
2.84862098985463
3.05131766133534
3.26473502693709
3.48939861915528
3.72561588499747
3.97389223378942
4.23507452121787
4.50943391437857
4.79697504298882
5.09815139601742
5.41348368166917
5.74362358249317
6.0891774558791
6.45032050809385
6.82744584697438
7.22113072985282
7.63198746937267
8.06070172568375
8.50752532566196
8.97303742427676
9.45787761592937
9.96266035988988
10.4879126050702
11.0342992534152
11.6025064363731
12.1931121734498
12.8067790667432
13.4442284148382
14.106147940084
14.7932454529772
15.5062805348961
16.2460075666333
17.0132461069264
17.8087667480137
18.6333816476111
19.4879430276529
20.3732950627994
21.2903210909181
22.2399225302038
23.2230212122149
24.2405624731872
25.2935094144041
26.382851150334
27.5095981458139
28.6747919053373
29.8795003447372
31.1247917842942
32.4117811788042
33.7415957706542
35.1153930810497
36.5343516027793
37.9996791439773
39.5126085526473
41.0744004912432
42.6863425830575
44.3497503352992
46.0659672932898
47.8363655298347
49.6623460223308
51.5453390825852
53.4868047831662
55.4882333987395
57.5511458578182
59.6770941803558
61.867661942207
64.1244646691737
66.4491502691081
68.8434010790641
71.3089328856574
73.8474913586839
76.4608586088066
79.1508519524599
81.9193238341092
84.7681625168071
87.6992926896632
90.714676032859
93.8163117655261
97.0062371900847
100.286528239008
103.65930002621
107.126707403663
110.690945523218
114.354250403447
118.118899501218
121.987212287801
125.961550829267
130.044320371039
134.237969926456
138.544992869279
142.967927530089
147.509357796591
152.171913717845
156.958272112507
161.871157181177
166.913341122976
172.087644756505
177.396938145331
182.844141228191
188.432224454066
194.164209422301
200.043169527947
206.072230612461
212.254571619927
218.593425258908
225.092078670039
231.75387409946
238.582209578135
245.58053960711
252.752375848724
260.101287823748
267.630903614433
275.344910573359
283.247056037998
291.341148050822
299.631056084741
308.120711773611
316.814109647466
325.715307872031
334.828428991979
344.157660677254
353.707256471595
363.481536542218
373.484888429335
383.721767793868
394.196699161342
404.91427665943
415.879164746034
427.096098924054
438.569886438054
450.305406946918
462.307613165199
474.581531464103
487.132262420934
499.964981303127
513.084938469695
526.4974596687
540.207946204163
554.221874939145
568.544798093337
583.182342783081
598.140210238816
613.424174652705
629.040081459924
644.993844959106
661.291445089011
677.938923101395
694.942375782005
712.307947738927
730.041821078195
748.150201481789
766.639299224924
785.515302895386
804.784342280138
824.452434620178
844.525404295609
865.008758011639
885.90748108418
907.225683585055
928.965932913324
951.127825656735
973.703436602643
996.658167001199
0.680917582398576
0.680917582398579
0.680917582399081
0.6809175824072
0.680917582463185
0.680917582706652
0.680917583502469
0.680917585646116
0.680917590668436
0.680917601259623
0.680917621832341
0.680917659243829
0.680917723696888
0.680917829839608
0.68091799808372
0.680918256161443
0.680918640940696
0.680919200518567
0.680919996612898
0.680921107271873
0.680922629921477
0.680924684770719
0.680927418594494
0.68093100891397
0.680935668594381
0.680941650880146
0.680949254887196
0.680958831572428
0.680970790200222
0.680985605325961
0.681003824316517
0.681026075427708
0.681053076458736
0.681085644003697
0.681124703320262
0.681171298835729
0.681226605310682
0.681291939680631
0.681368773596047
0.681458746681419
0.681563680534015
0.681685593483292
0.681826716132049
0.681989507700664
0.682176673196087
0.68239118142749
0.682636283890941
0.682915534545821
0.683232810506224
0.683592333671108
0.683998693317611
0.684456869682597
0.68497225855833
0.685550696929028
0.68619848967599
0.686922437380131
0.687729865251881
0.688628653219746
0.689627267210224
0.690734791653329
0.691960963249619
0.693316206036421
0.694811667792837
0.696459257825118
0.698271686176099
0.700262504304583
0.702446147282759
0.704842391268468
0.707469733793454
0.710339931844422
0.71347147600447
0.716883978796955
0.720598227052575
0.724636236165094
0.729021306296522
0.733778080593103
0.738932605473441
0.744512393049377
0.750546485738749
0.757077746389849
0.764129745514265
0.771734230494669
0.7799271282923
0.78874625696223
0.798231404504689
0.808438728012207
0.81940856823431
0.831178169933725
0.843796132494723
0.857320042602807
0.871846475012415
0.887384976556925
0.903994420865998
0.921772781562643
0.940783093988022
0.961062314882515
0.982705779632149
1.0057898384382
1.03036778176433
1.05657587498932
1.08445803886999
1.11412287144971
1.14567544614712
1.17921292573057
1.21493527189425
1.25284872719972
1.29318279825159
1.33592693641714
1.38124273083445
1.42925245064928
1.48008598358454
1.53396629964764
1.59094209770393
1.65121978211227
1.7149221416217
1.7821885703738
1.85325091712161
1.92825404388058
2.00737770356203
2.09089374299886
2.17894238895922
2.27168642244972
2.369336860218
2.47219099703662
2.58051444752843
2.69446576096344
2.81426420242894
2.94015131307526
3.07244554697729
3.21137051545825
3.35719359674981
3.51020670240777
3.67071355141306
3.83902198870404
4.01545415876387
4.20035099385394
4.39398626934465
4.59669632574805
4.80883442192356
5.03076841198536
5.26287721983158
5.50554856264907
5.75918061140066
6.02417788393533
6.30095225309347
6.58991803764585
6.89149836130302
7.20614739300024
7.53432841624671
7.87651147886737
8.23317709150084
8.60482578551955
8.99197599889206
9.39515605105412
9.81490272206506
10.2517638744403
10.7063062812315
11.1791174924934
11.6707945282221
12.1819460009492
12.7132001603161
13.2652031574878
13.8386076753223
14.4340822574219
15.0523200109311
15.6940292216614
16.3599291415849
17.0507613952532
17.7672885153318
18.5102880061489
19.2805591808355
20.0789067829381
20.906163085033
21.7631822403038
22.65083157454
23.5700084736494
24.521619173313
25.5065914068942
26.5258790013065
27.5804557003777
28.6713178694695
29.7994843393856
30.9659982502284
32.171931548055
33.4183731811663
34.7064341251004
36.0372458477655
37.4119699324521
38.8317915145962
40.2979225657305
41.8116006894034
43.3740903129153
44.9866827321404
46.6506966890179
48.3674787327664
50.138403674692
51.9648750180498
53.848325406363
55.7902170776696
57.7920423260913
59.8553239343582
61.98161565796
64.1725025654972
66.4296015309561
68.7545617402004
71.149065476098
73.6148284684356
76.1536000427157
78.76716382413
81.4573379500151
84.2259757701454
87.074966476786
90.0062356723218
93.0217459151594
96.1234972614695
99.3135278091777
102.593914246354
105.966772404595
109.434257817443
112.998566283681
116.661934435334
120.426640310162
124.295003928482
128.269387874187
132.352197879836
136.545883415746
140.852938283042
145.275901210651
149.817356456269
154.479934411336
159.266312210125
164.179214343022
169.221413274128
174.395730063327
179.705034992966
185.152248199289
190.740340308804
196.472333079719
202.351300048595
208.380367182382
214.562713535914
220.90157191503
227.400229545372
234.062028746956
240.89036761457
247.888700704018
255.060539724235
262.409454235233
269.939072351854
277.653081453224
285.555228897804
293.64932274387
301.939232475198
310.428889731689
319.122289044565
328.023488575692
337.136610860468
346.465843553566
356.015440176655
365.789720867002
375.793073125596
386.029952563094
396.504883641504
407.22246040899
418.187347224581
429.404279468816
440.87806423537
452.613580997581
464.615782242351
476.889694062081
489.440416693152
502.273124986646
515.393068793638
528.80557324304
542.516038884634
556.529941663015
570.852832679589
585.490337689084
600.44815626542
615.732060589845
631.347893634789
647.301566683044
663.599055971976
680.246398193941
697.249684491474
714.615052445611
732.348675345714
750.456747707298
768.945465497854
787.820998708058
807.08945252183
826.756810914105
846.828852053003
867.311016244432
888.208189250768
909.52432350786
931.26171804278
953.419460270382
975.988309002101
998.928851199438
0
0
0
0
0
0
0
0
0
0
0
0
0
0
0
0
0
0
0
0
0
0
0
0
0
0
0
0
0
0
0
0
0
0
0
0
0
0
0
0
0
0
0
0
0
0
0
0
0
0
0
0
0
0
0
0
0
0
0
0
0
0
0
0
0
0
0
0
0
0
0
0
0
0
0
0
0
0
0
0
0
0
0
0
0
0
0
0
0
0
0
0
0
0
0
0
0
0
0.00540399546550176
0.0171087960978525
0.0296439850464735
0.043066199699417
0.0574367624897776
0.0728211790523113
0.0892883024349795
0.106913022151568
0.125777137611372
0.145966227085511
0.167572544054398
0.190696913253596
0.215575653063761
0.24327901184432
0.273334840304728
0.305515536710162
0.339975327272376
0.376915348842218
0.420796963243407
0.470401448667859
0.523268925666386
0.579579148863097
0.63958190918397
0.70354940238274
0.772675569765263
0.846619949059683
0.925488572324838
1.0100077192852
1.10001668687336
1.1957909916446
1.29870246908833
1.41007714522411
1.52864881034576
1.65476131861114
1.78856341173056
1.93065607598789
2.08102510134403
2.24018224611312
2.40846854438653
2.58636039177811
2.7751072914792
2.9748574925693
3.18531916210396
3.40686440778798
3.63987804435433
3.88495281627935
4.14243739025565
4.41310397346788
4.69734021402846
4.99541111346956
5.30752193504049
5.63421121680049
5.97608213941026
6.33377677850273
6.70769209811472
7.09812076060047
7.50557938268815
7.93070441019886
8.37406612290705
8.83629106120854
9.31775152274582
9.81908646993806
10.3409333380059
10.8838927305278
11.4485586086051
12.0356192091403
12.6458242093556
13.2797446842536
13.9380922288674
14.621625161184
15.3310616178655
16.0671402030024
16.8306621251527
17.6224223833234
18.4432345157076
19.2939837096885
20.1754813240948
21.0886096299702
22.0342745800667
23.0133776790209
24.0268660046042
25.0756996840187
26.160860793031
27.2833581825077
28.4442215427273
29.6445057390471
30.8852894485638
32.1676774696077
33.4928201694744
34.8618497346463
36.2759512739269
37.7363237541469
39.244198255792
40.8008302989493
42.4075035214347
44.0655288322308
45.7762452581213
47.5410202272995
49.3612500213582
51.2383601937333
53.1738059980564
55.1690728253727
57.2256766473105
59.3451644640295
61.5291147588231
63.7791379432613
66.0968768030278
68.4840069569771
70.942237381603
73.4733109108131
76.0790046693552
78.7611306087097
81.5215359386403
84.3621065982969
87.2847598071451
90.2914504759923
93.384171928337
96.5649552461202
99.8358699400079
103.199024564884
106.656567295969
110.210686496569
113.863611285408
117.617612106701
121.475001304356
125.438133700787
129.509407180406
133.691263277701
137.986187769716
142.396711272823
146.925409843629
151.574905583976
156.347867249971
161.247010865076
166.275100337289
171.434948080495
176.729415640103
182.161414323084
187.733905832571
193.449902907166
199.312469965125
205.324723753591
211.489834003026
217.811024086998
224.291571687476
230.934809465744
237.744125739064
244.722965163158
251.87482942059
259.203277915101
266.711928471903
274.404458043927
282.284603424008
290.356161962907
298.622992293088
307.089015058089
315.758213647279
324.634634935753
333.722390029023
343.02565501208
352.548671702297
362.295748405521
372.271260674509
382.479652068694
392.925434913998
403.61319106111
414.547572640263
425.733302810083
437.175176497498
448.878061124989
460.846897320581
473.086699604888
485.602557048194
498.399633888879
511.483170102439
524.858481907806
538.53096219446
552.506080849803
566.789384961265
581.386498861279
596.303123975748
611.545038433417
627.118096361537
643.028226782624
659.28143200832
675.883785390481
692.84142824175
710.160565671413
727.847460986413
745.908428165237
764.349821696108
783.17802273201
802.399419966221
822.02038270877
842.047222021748
862.486132769878
883.343103539705
904.623768859221
926.333148731792
948.47513755655
971.051127754429
994.054839285237
0.708682153468302
0.708682153468306
0.708682153468804
0.708682153476886
0.708682153532608
0.708682153774935
0.708682154567023
0.708682156700626
0.708682161699413
0.708682172240974
0.708682192717296
0.708682229953488
0.708682294104545
0.708682399749922
0.708682567205708
0.708682824074179
0.708683207050506
0.708683764006411
0.70868455637055
0.708685661825399
0.708687177340437
0.708689222561411
0.708691943575469
0.70869551707195
0.708700154918636
0.708706109173262
0.708713677550085
0.708723209361358
0.708735111953502
0.708749857657861
0.708767991275883
0.708790138118634
0.708817012620563
0.708849427547493
0.708888303818837
0.708934680964122
0.708989728233951
0.709054756385642
0.709131230163859
0.709220781496687
0.709325223427732
0.709446564805015
0.709587025747586
0.709749053911054
0.709935341573461
0.710148843563241
0.710392796051354
0.710670736230098
0.710986522901517
0.711344357998906
0.711748809065425
0.712204832714554
0.712717799097841
0.713293517406204
0.713938262431995
0.714658802220058
0.715462426837111
0.716356978290045
0.717350881625082
0.718453177241195
0.719673554452788
0.721022386338352
0.722510765913614
0.72415054366967
0.725954366518586
0.727935718191109
0.730108961133298
0.732489379951153
0.735093226454516
0.737937766353803
0.741041327665241
0.744423350882335
0.748104440973099
0.752108323673343
0.756470653496245
0.761202706960967
0.766330382773637
0.771881035780767
0.777883541042563
0.784368360135911
0.791367609742588
0.798915132574306
0.807058742664855
0.815833438825099
0.8252706371765
0.835411935568278
0.84630105293345
0.857989104025333
0.870541458223177
0.883988144398226
0.898382327288845
0.913786579498396
0.930312838548628
0.947965667754601
0.966809247706387
0.986960023403835
1.00845885347018
1.03136309806285
1.05580225207452
1.08181582686798
1.10950080766328
1.13897744046018
1.17028703583477
1.20359664309469
1.23893945660161
1.27660114674457
1.31654769234271
1.35901917907849
1.40400307734982
1.45170059375236
1.50216800305965
1.55562439585008
1.61220251239466
1.67203656642267
1.73530962998851
1.80212104941407
1.87266986651481
1.94716351952176
2.02574235952923
2.10861024210568
2.19605909607355
2.28818017843793
2.38518161894668
2.48729205240658
2.59482811132537
2.70798720369963
2.82699096808053
2.95206130338497
3.08347579411296
3.22149947492505
3.36638747139927
3.5184209892676
3.6778971778966
3.84513139861725
4.02043706563229
4.20416202763934
4.39660620669386
4.59809482832657
4.8089666916948
5.0295811745182
5.26031564459478
5.50156052025987
5.75371956011852
6.01720124352099
6.29242455668008
6.57978245481543
6.87969803740267
7.19262117451713
7.51902023625966
7.85937111764237
8.21415656422036
8.58387003601
8.96902091130041
9.37013836536293
9.78776741527048
10.2224602416265
10.6747781527881
11.1453001963891
11.6346228755215
12.1433621081346
12.6721413780367
13.2215979932943
13.7923926709236
14.3852077974157
15.0007270424283
15.6396446975473
16.3026892819325
16.990609510459
17.7041632130807
18.4441165579424
19.2112691705859
20.006441391856
20.8304624016445
21.6841808863059
22.5684538506816
23.4841732273422
24.4322498970129
25.4136089132632
26.4292013829963
27.4799993115505
28.5669962282793
29.6912086056234
30.8536757093482
32.0554617108926
33.2976532683343
34.5813606106003
35.9077196414482
37.277888303746
38.6930497663898
40.1544123209053
41.6632102632332
43.2207042757576
44.8281818962603
46.4869579579475
48.1983750184656
49.9638038004155
51.7846436285395
53.6623228751188
55.5982994097115
57.5940610555655
59.6511260440052
61.7710434792297
63.9553937770136
66.2057891192845
68.5238739266759
70.9113253936942
73.3698539944235
75.9012039462439
78.5071536977882
81.1895163502079
83.9501401439857
86.7909092233791
89.7137437172268
92.7206005957809
95.8134740907212
98.9943962318741
102.265437454408
105.628707191902
109.08635445235
112.640568387448
116.293578861711
120.047657024432
123.905115885662
127.868310896611
131.9396405345
136.121546891783
140.416516269644
144.827079775662
149.355813925585
154.005341249167
158.778330900074
163.677499269891
168.705610606277
173.865477635371
179.159962188549
184.591975833654
190.164480510848
195.880489173222
201.743066432329
207.755329208773
213.920447388016
220.241644481534
226.722198293444
233.365441592733
240.174762791162
247.153606626951
254.305474854275
261.633926938641
269.142580758131
276.835113310507
284.71526142615
292.786822486729
301.053655149517
309.519680077168
318.188880672773
327.065303819903
336.1530606273
345.456327177788
354.979345280829
364.726423228073
374.701936551013
384.910328779698
395.356112201173
406.043868616022
416.978250090952
428.163979704939
439.605852285797
451.308735133345
463.27756872441
475.517367393804
488.033219984037
500.830290454786
513.91381844108
527.289119746441
540.961586754029
554.936688734594
569.219972024945
583.817060044138
598.733653106989
613.975527992981
629.548537186307
645.458607705181
661.711739412014
678.314002658499
695.27153507017
712.590537205363
730.277266722599
748.338030540269
766.779174243413
785.607067632014
804.828084719269
824.448575498223
844.474825046469
864.912992285406
885.769014271506
907.048448136278
928.75619015388
950.895917921231
973.468539541485
996.466241962675
