0.000000000000000 
0.000000000000000 
0.000000000000000 
0.000000000000000 
0.000000000000000 
0.000000000000000 
0.000000000000000 
0.000000000000000 
0.000000000000000 
0.000000000000000 
0.000000000000000 
0.000000000000000 
0.000000000000000 
0.000000000000000 
0.000000000000000 
0.000000000000000 
0.000000000000000 
0.000000000000000 
0.000000000000000 
0.000000000000000 
0.000000000000000 
0.000000000000000 
0.000000000000000 
0.000000000000000 
0.000000000000000 
0.000000000000000 
0.000000000000000 
0.000000000000000 
0.000000000000000 
0.003116175186564 
0.024432368482803 
0.050742088254704 
0.083070995196664 
0.122649874906219 
0.171972315045655 
0.243739308828722 
0.334620535239176 
0.444942789545603 
0.579352119695718 
0.750114539266673 
0.956793871765343 
1.204246439468903 
1.505479712051316 
1.864661828238270 
2.290504678243613 
2.794111607043130 
3.384073251471880 
4.073296104764326 
4.872449246918619 
5.793966130069697 
6.850393014450399 
8.055326399487484 
9.423174794918086 
10.969431376890130 
12.711221855274424 
14.666500338264882 
16.854372837426485 
19.295659945455299 
22.012919618912846 
25.030515073812264 
28.374679276950737 
32.073583591685150 
36.157415568511269 
40.658460253407227 
45.611189921503218 
51.052363373126767 
57.021130995684359 
63.559144771621988 
70.710673315339321 
78.522721744374721 
87.045156106673815 
96.330832033666070 
106.435727281433216 
117.419077866810397 
129.343517591070054 
142.275220843872944 
156.284048659448644 
171.443698020959118 
187.831854347530026 
205.530346923670066 
224.625306677390796 
245.207325366834766 
267.371614102253830 
291.218155336805864 
316.851849005777012 
344.382646852242885 
373.925644346003310 
405.601131241687256 
439.534559144252341 
475.856378942904712 
514.701669226380318 
556.209424735713242 
600.521276862756963 
647.779223758027797 
698.121525361075783 
751.674918488109824 
808.538800821539894 
868.749918336385008 
932.193803544223783 
998.222717019270249 
0.667430207802987 
0.667430207812168 
0.667430208978069 
0.667430227880357 
0.667430358213417 
0.667430925015819 
0.667432777706389 
0.667437768196426 
0.667449460349853 
0.667474117070465 
0.667522011315304 
0.667609107380117 
0.667759158902991 
0.668006270228955 
0.668397968139678 
0.668998831579821 
0.669894728049535 
0.671197706977914 
0.673051602900394 
0.675638404947773 
0.679185454371620 
0.683973538937713 
0.690346695361243 
0.698823901531536 
0.709831564534324 
0.723972717121669 
0.741961802010103 
0.764640196032990 
0.792993377931695 
0.828169853694089 
0.871734624216086 
0.925156483671380 
0.990118546677137 
1.069003129517268 
1.164069967527866 
1.278386010732744 
1.415303007700023 
1.578234721576997 
1.770845732251102 
1.998332967365289 
2.265551875726262 
2.578105288624157 
2.942325953814775 
3.365453743582662 
3.854885867955334 
4.418804593914392 
5.066439357565480 
5.807801479144047 
6.653745178303899 
7.616056471540854 
8.707485500283635 
9.941832419491639 
11.334002848164221 
12.900091746022678 
14.657452305704656 
16.624697497359097 
18.821807964789599 
21.270251448055053 
23.993088412386008 
27.015061961111272 
30.362684501163372 
34.064337040368819 
38.150361581940196 
42.653156180340140 
47.607279891122438 
53.049559771284990 
59.019200302064533 
65.557897030811517 
72.709954267849426 
80.522406826995777 
89.045145711996412 
98.331047584214446 
108.436107822421448 
119.419577006587971 
131.344100711511004 
144.275862558826134 
158.284730518013873 
173.444406438929491 
189.832578712233357 
207.531077761245768 
226.626033737395403 
247.208035275688275 
269.372287171199673 
293.218763623756900 
318.852352533605995 
346.382981970705202 
375.925714148391762 
407.600789025556367 
441.533584021957836 
477.854439649148958 
516.698269655194849 
558.203819920226124 
602.512338237411996 
649.765210532153219 
700.099665089783684 
753.640565900010870 
810.483534938046887 
870.656513611928517 
934.020367971577230 
1000.000000000000000 
0.000000000000000 
0.000000000000000 
0.000000000000000 
0.000000000000000 
0.000000000000000 
0.000000000000000 
0.000000000000000 
0.000000000000000 
0.000000000000000 
0.000000000000000 
0.000000000000000 
0.000000000000000 
0.000000000000000 
0.000000000000000 
0.000000000000000 
0.000000000000000 
0.000000000000000 
0.000000000000000 
0.000000000000000 
0.000000000000000 
0.000000000000000 
0.000000000000000 
0.000000000000000 
0.000000000000000 
0.000000000000000 
0.000000000000000 
0.000000000000000 
0.000000000000000 
0.000000000000000 
0.000000000000000 
0.017448779588147 
0.043479364508848 
0.075432234175715 
0.114502457105143 
0.162122674890973 
0.227521740834841 
0.316415902116249 
0.424667336290324 
0.555113400779861 
0.718189988292006 
0.920467223542482 
1.161990700702286 
1.452666434978970 
1.803458590167357 
2.218381527899989 
2.709486231352174 
3.286496298324560 
3.959887252234504 
4.742736647347255 
5.646991782002387 
6.685710810319629 
7.872485349577664 
9.221877345960280 
10.749398582175480 
12.471714560020056 
14.406933218497093 
16.574822537033768 
18.995904194087672 
21.692450932504929 
24.688550677724820 
28.010172852518217 
31.685227889104880 
35.743653508651740 
40.217492777287802 
45.140975902472135 
50.550617758553791 
56.485320925450281 
62.986482395235441 
70.098105488100458 
77.866917138054873 
86.342490389597941 
95.577371778598120 
105.627213181554652 
116.550907702465750 
128.410729226224078 
141.272475386882860 
155.205613847255279 
170.283431925306388 
186.583189699344501 
204.186276756620572 
223.178372708776124 
243.649611477687586 
265.694749145159676 
289.413334827266340 
314.909883509155634 
342.294048928329289 
371.680793195300510 
403.190547496156682 
436.949354240266416 
473.088974135689057 
511.746929451987739 
553.066432095763730 
597.196100343563216 
644.289275997815935 
694.502559469148764 
747.992530337186963 
804.908055433978120 
865.369603707001033 
929.400968746579906 
996.444443438397570 
0.697091738378651 
0.697091738387800 
0.697091739549843 
0.697091758389566 
0.697091888291241 
0.697092453217599 
0.697094299775973 
0.697099273747876 
0.697110927200163 
0.697135502302105 
0.697183237989244 
0.697270045654109 
0.697419600127408 
0.697665892377541 
0.698056290657983 
0.698655157356210 
0.699548069665512 
0.700846693578055 
0.702694362800577 
0.705272417292271 
0.708807360529607 
0.713578900642218 
0.719928948519505 
0.728271655992233 
0.739104589062151 
0.753021144143458 
0.770724327786666 
0.793042029580161 
0.820943919637605 
0.855698736819958 
0.898736254535507 
0.951395593927031 
1.015431056523134 
1.093301208511578 
1.186943852338293 
1.299740700739644 
1.434476377696279 
1.595227829354626 
1.785290504135696 
2.009661266783608 
2.273295166950913 
2.581729434086526 
2.941354509912387 
3.359230394397653 
3.842734181159983 
4.400018582849774 
5.040215679681864 
5.773342943987836 
6.610287417063610 
7.562801822593226 
8.643623839086256 
9.866513854066083 
11.246341923940651 
12.799145312169752 
14.542218774119632 
16.494207419540633 
18.675154752041248 
21.106425197337213 
23.810949537302196 
26.813334013165260 
30.139920066073937 
33.818916899755266 
37.880491096570758 
42.356848370107322 
47.282344540218844 
52.693594340725397 
58.629578362511175 
65.131755050447666 
72.244176896363939 
80.013610920850994 
88.489663435070653 
97.724908947993129 
107.775022995594867 
118.698918639599839 
130.558886418166367 
143.420737615337686 
157.353950823108960 
172.431821868534655 
188.731617241573105 
206.334731169618806 
225.326846432035154 
245.798098884266437 
267.843245449771644 
291.561835001179588 
317.058381014575730 
344.442534006485062 
373.829250315856257 
405.338951366748688 
439.097663426319116 
475.237120747172469 
513.894802308513135 
555.213848851106263 
599.342760794534001 
646.434683089359510 
696.645865239401019 
750.132238226713412 
807.041399582371696 
867.491333515533142 
931.503249390028031 
998.473583405609816 
0.000000000000000 
0.000000000000000 
0.000000000000000 
0.000000000000000 
0.000000000000000 
0.000000000000000 
0.000000000000000 
0.000000000000000 
0.000000000000000 
0.000000000000000 
0.000000000000000 
0.000000000000000 
0.000000000000000 
0.000000000000000 
0.000000000000000 
0.000000000000000 
0.000000000000000 
0.000000000000000 
0.000000000000000 
0.000000000000000 
0.000000000000000 
0.000000000000000 
0.000000000000000 
0.000000000000000 
0.000000000000000 
0.000000000000000 
0.000000000000000 
0.000000000000000 
0.000000000000000 
0.000000000000000 
0.011500828340373 
0.037333181500590 
0.069017690963615 
0.107725012184289 
0.154857541612715 
0.215781290705082 
0.301629500330523 
0.408229239534210 
0.537028150439718 
0.693756033866833 
0.891760237602068 
1.129516686042747 
1.413291136213806 
1.756094521441987 
2.163888366658353 
2.645117797162643 
3.212359781114039 
3.874608334350691 
4.644755844478243 
5.535832565477469 
6.560896223041831 
7.733716658494216 
9.068947441570078 
10.582154280423648 
12.290014045726801 
14.210435098032896 
16.362815300534393 
18.768453842790681 
21.449426273251252 
24.429636414101996 
27.734906315533628 
31.392917925287499 
35.433405564928840 
39.888232794250911 
44.791448521244618 
50.179388320920040 
56.090779415327660 
62.566843235234856 
69.651403376382561 
77.390999844030489 
85.835009327779431 
95.035771036269949 
105.048717576823208 
115.932510361327672 
127.749179055187767 
140.564264673613309 
154.446966064767423 
169.470289677959926 
185.711202661997760 
203.250789441193433 
222.174411952867047 
242.571873691573785 
264.537587588974986 
288.170747556094341 
313.575503199544187 
340.861136733197895 
370.142240324066563 
401.538890829037769 
435.176816740523236 
471.187548536517511 
509.708537374288653 
550.883215940448281 
594.860954593490533 
641.796826188807131 
691.851011166723765 
745.187445199831473 
801.970769674156941 
862.358853504614899 
926.481262926377212 
994.306181286930155 
0.728060345431444 
0.728060345440475 
0.728060346587376 
0.728060365181638 
0.728060493390833 
0.728061050956797 
0.728062873456472 
0.728067782622812 
0.728079284243125 
0.728103539158399 
0.728150652903857 
0.728236329570580 
0.728383935552264 
0.728627019006937 
0.729012331167852 
0.729603396166700 
0.730484676908096 
0.731766385924595 
0.733589992265925 
0.736134478608124 
0.739623407226692 
0.744332859600426 
0.750600322498218 
0.758834603607913 
0.769526871946939 
0.783262931758148 
0.800736851799035 
0.822766082146448 
0.850430006039336 
0.885033532063692 
0.927654342687621 
0.979803254257499 
1.043364941251497 
1.120482341474304 
1.213198220248080 
1.324965723570322 
1.458118723337028 
1.617454038542136 
1.805777792654081 
2.027997676550543 
2.289188963897360 
2.594770364790310 
2.951127868141913 
3.365337752737333 
3.844691780077544 
4.397336398824959 
5.032330910502401 
5.759631773572008 
6.590138994497369 
7.535635776402192 
8.608846205754288 
9.823511278847237 
11.194482687541946 
12.737765587893835 
14.470610399622347 
16.411590211855287 
18.580710261209401 
20.999514392567217 
23.690856422270098 
26.679406979880586 
29.991237589653011 
33.654432700924851 
37.699063137531830 
42.157201276817567 
47.063061170664099 
52.453116264188374 
58.366199869958592 
64.843614876180837 
71.929248472206496 
79.669691433357997 
88.114361918484860 
97.315633679262262 
107.328968485277613 
118.213052500912823 
130.029936334699642 
142.845178526459961 
156.727992330822531 
171.751395771652426 
187.992365048657433 
205.531991447145572 
224.455641916439987 
244.853123433080725 
266.818851145977021 
290.452020099337858 
315.856780013430011 
343.142412106543816 
372.423506142070494 
403.820134570557457 
437.458018442841535 
473.468676054220964 
511.989538859829054 
553.164007772641185 
597.141401708166086 
644.076709407278599 
694.129970315376113 
747.464872186283515 
804.245590921783332 
864.629030379960113 
928.742469045215557 
996.542254825917553 
0.000000000000000 
0.000000000000000 
0.000000000000000 
0.000000000000000 
0.000000000000000 
0.000000000000000 
0.000000000000000 
0.000000000000000 
0.000000000000000 
0.000000000000000 
0.000000000000000 
0.000000000000000 
0.000000000000000 
0.000000000000000 
0.000000000000000 
0.000000000000000 
0.000000000000000 
0.000000000000000 
0.000000000000000 
0.000000000000000 
0.000000000000000 
0.000000000000000 
0.000000000000000 
0.000000000000000 
0.000000000000000 
0.000000000000000 
0.000000000000000 
0.000000000000000 
0.000000000000000 
0.000000000000000 
0.006277777045603 
0.031959658319925 
0.063440764215772 
0.101874600840809 
0.148640338192735 
0.206888797247492 
0.289085904350105 
0.394449790876421 
0.521824259041074 
0.675245099424796 
0.867907064552603 
1.102716599516930 
1.382116645129563 
1.718060755522937 
2.119726506128240 
2.593585916130144 
3.152380778315338 
3.805998775869384 
4.566303541845600 
5.446136032532980 
6.460237147809830 
7.621458459086321 
8.945108236622913 
10.446568643626195 
12.142639472478276 
14.051191710333125 
16.191480883390227 
18.584472298259367 
21.252971604196272 
24.220657084267760 
27.513101950266837 
31.157830815378709 
35.184426367014765 
39.624610026231871 
44.512306563261276 
49.883729764545421 
55.777480409087175 
62.234648830708878 
69.298922758446935 
77.016700905443429 
85.437212299433213 
94.612641127003414 
104.598256747357070 
115.452548459018743 
127.237364573194156 
140.018055374220182 
153.863619635058541 
168.846854489467006 
185.044508611888261 
202.537438785791807 
221.410770021853750 
241.754059401706769 
263.661463764393091 
287.231911217078562 
312.569276226326963 
339.782557696349159 
368.986058893027518 
400.299567193105077 
433.848530193302054 
469.764222299619462 
508.183891811612057 
549.250871370606887 
593.114621766177038 
639.930655194184965 
689.860236898522203 
743.069644260502287 
799.728483678345810 
860.005730234077646 
924.059201597537708 
991.979254503941320 
0.758431352490847 
0.758431352499783 
0.758431353634652 
0.758431372033822 
0.758431498897843 
0.758432050613818 
0.758433853991806 
0.758438711651159 
0.758450092596682 
0.758474093030923 
0.758520712466210 
0.758605490240929 
0.758751547631775 
0.758992080925140 
0.759373351125797 
0.759958216528326 
0.760830255283101 
0.762098526527744 
0.763903020854548 
0.766420854128695 
0.769873263293547 
0.774533469152129 
0.780735479516288 
0.788883916745555 
0.799464966428032 
0.813058558106673 
0.830351902977981 
0.852332961105623 
0.880015795319755 
0.914355770026587 
0.956650881096176 
1.008399915587066 
1.071652463217046 
1.148188832040444 
1.240307707206317 
1.351244483545782 
1.483394001680845 
1.641547750368713 
1.828554043491160 
2.049149808104096 
2.308548531915577 
2.612003615597328 
2.965849137166219 
3.377234253747377 
3.853458373896220 
4.402560312903180 
5.033592204032955 
5.756461460086690 
6.582013568087456 
7.522059579586504 
8.589377271288864 
9.797652899307755 
11.161756584931462 
12.697659776087727 
14.422599325329790 
16.355114722022485 
18.515277230492547 
20.924636334957096 
23.606017753012679 
26.583870108121971 
29.884325623210316 
33.535395150526647 
37.567052791270257 
42.011296079744199 
46.902254494317674 
52.276301951650623 
58.172163870983638 
64.631027740085202 
71.696657815379211 
79.415514054367506 
87.836875397947864 
97.012967433087923 
106.999094347978769 
117.853774988183318 
129.638882761542106 
142.419789137432247 
156.265510542139111 
171.248858549734564 
187.446593378803385 
204.939580799394719 
223.812952607422858 
244.156270820709608 
266.063695684578761 
289.634157438031934 
314.971531566853855 
342.184816918025888 
371.388315493329401 
402.701811840776600 
436.250748481642461 
472.166391334341483 
510.585974884774089 
551.652809517788228 
595.516320193310321 
642.331961080811311 
692.260902093893719 
745.469258094501015 
802.126342938506696 
862.400556921621614 
926.448422292142141 
994.354879411443790 
0.000000000000000 
0.000000000000000 
0.000000000000000 
0.000000000000000 
0.000000000000000 
0.000000000000000 
0.000000000000000 
0.000000000000000 
0.000000000000000 
0.000000000000000 
0.000000000000000 
0.000000000000000 
0.000000000000000 
0.000000000000000 
0.000000000000000 
0.000000000000000 
0.000000000000000 
0.000000000000000 
0.000000000000000 
0.000000000000000 
0.000000000000000 
0.000000000000000 
0.000000000000000 
0.000000000000000 
0.000000000000000 
0.000000000000000 
0.000000000000000 
0.000000000000000 
0.000000000000000 
0.000000000000000 
0.000000000000000 
0.000000000000000 
0.020542210783738 
0.056669841237279 
0.101352247572093 
0.156694326941538 
0.227589093116808 
0.319684661628248 
0.446555881081117 
0.605645631001433 
0.802335459661700 
1.044343160229800 
1.344395865386704 
1.706354969848682 
2.138972244045741 
2.654692521236961 
3.259760166166742 
3.965172415407141 
4.782117048740167 
5.721442776483012 
6.794879589142433 
8.015449965308871 
9.397359456053563 
10.956137301765011 
12.708985705808013 
14.674191628814857 
16.871265522184501 
19.321424276188896 
22.047551028563831 
25.074270705206352 
28.428025831049275 
32.137159267124936 
36.232005935221103 
40.744982022600873 
45.710681858231261 
51.165983111680724 
57.150154981377682 
63.704970154477003 
70.874821346984533 
78.706842335114700 
87.251033285839128 
96.560390133123562 
106.691037725323980 
117.702366499265565 
129.657172508170675 
142.621800717636546 
156.666291552469517 
171.864530693769041 
188.294402060174122 
206.037943729006940 
225.181505566495048 
245.815909347325601 
268.036607714420484 
291.943838479429473 
317.642770999791878 
345.243635903696998 
374.861823056042340 
406.617930962573951 
440.637734206706170 
477.052018930224904 
515.996204232203809 
557.609610210142364 
602.034122706402741 
649.411772333482304 
699.880205858040881 
753.563588174883762 
810.552192153092619 
870.847984153342850 
934.179870015106303 
999.278052769946839 
0.631714885194481 
0.631714885203740 
0.631714886379655 
0.631714905444280 
0.631715036896679 
0.631715608566947 
0.631717477168992 
0.631722510519051 
0.631734303089587 
0.631759171576706 
0.631807477182195 
0.631895321365559 
0.632046661937135 
0.632295896590693 
0.632690961391356 
0.633296992458979 
0.634200600284196 
0.635514808008559 
0.637384707880416 
0.639993894312036 
0.643571737893401 
0.648401572720939 
0.654829879693822 
0.663276560906947 
0.674246414207918 
0.688341930679327 
0.706465150837043 
0.729345635226409 
0.757957428799407 
0.793463179921810 
0.837212375666172 
0.891169712162956 
0.956825493766198 
1.036396156985543 
1.132816306848158 
1.248301630342037 
1.386848087455166 
1.551418430764870 
1.746045054266314 
1.975922858275013 
2.245719263856068 
2.561181565650864 
2.928648263253213 
3.355302732437233 
3.848433386402080 
4.416263888240432 
5.067956751846202 
5.813504951368648 
6.663751684705624 
7.630455821535239 
8.726367451400977 
9.965302830674741 
11.362206047975656 
12.933223117375576 
14.695765133247015 
16.668530600445695 
18.871597760556554 
21.326527980744054 
24.056470868490550 
27.086255663387014 
30.442477994906589 
34.153603054479554 
38.250058782894861 
42.764331154004516 
47.731071171421647 
53.187202786182503 
59.172032676654410 
65.727364337084609 
72.897616201749571 
80.729943791480338 
89.274365791633159 
98.583893904833957 
108.714666295891973 
119.726084465152098 
131.680953438427821 
144.645625222940964 
158.690145520349063 
173.888403680539824 
190.318285795047444 
208.061830635497415 
227.205387812656625 
247.839777081409750 
270.060446654248096 
293.967627324402315 
319.666477520406431 
347.267210530879993 
376.885190284326541 
408.640976374523632 
442.660285244914178 
479.073816161157765 
518.016857659670791 
559.628530894791993 
604.050410952558082 
651.424022206732502 
701.886124955216019 
755.559167663893618 
812.529509264265243 
872.787371954668970 
936.001826326203400 
1000.000000000000000 
0.000000000000000 
0.000000000000000 
0.000000000000000 
0.000000000000000 
0.000000000000000 
0.000000000000000 
0.000000000000000 
0.000000000000000 
0.000000000000000 
0.000000000000000 
0.000000000000000 
0.000000000000000 
0.000000000000000 
0.000000000000000 
0.000000000000000 
0.000000000000000 
0.000000000000000 
0.000000000000000 
0.000000000000000 
0.000000000000000 
0.000000000000000 
0.000000000000000 
0.000000000000000 
0.000000000000000 
0.000000000000000 
0.000000000000000 
0.000000000000000 
0.000000000000000 
0.000000000000000 
0.000000000000000 
0.000000000000000 
0.000000000000000 
0.009083916256449 
0.044525712556145 
0.088255902979268 
0.142157944695931 
0.209723120167159 
0.296347932844231 
0.413515854375900 
0.567159264390169 
0.756607124065707 
0.988987412944358 
1.275806283967716 
1.626843650540727 
2.046031659725692 
2.545947739965767 
3.137128786759134 
3.826946734549473 
4.627516269252038 
5.550482243035205 
6.607821671375032 
7.812173458052927 
9.177653128214747 
10.719594715807814 
12.454738398287802 
14.401361974645969 
16.579492091610145 
19.010021236698947 
21.715618151408307 
24.720698777434663 
28.051495674621325 
31.736124910168293 
35.804698455270739 
40.289407875813218 
45.224612337122714 
50.646947721154291 
56.595434265504025 
63.111585277044036 
70.239521035492942 
78.026087752406568 
86.520981373463428 
95.776875956797369 
105.849556294143014 
116.798054420205119 
128.684789700540733 
141.575712290464821 
155.540449888779733 
170.652457834813902 
186.989172683438142 
204.632169419175881 
223.667322426548935 
244.184970212919097 
266.280083668954603 
290.052437316341184 
315.606782460845693 
343.053020308390387 
372.506371679844335 
404.087537574333794 
437.922840770668927 
474.144331614615567 
512.889828559162879 
554.302840516821334 
598.532263206231619 
645.731620112084215 
696.057609520430560 
749.666480381827569 
806.705449441430801 
867.287942056818110 
931.402281713990533 
998.236299507721924 
0.657403404387338 
0.657403404396443 
0.657403405552827 
0.657403424300818 
0.657403553569992 
0.657404115745680 
0.657405953313069 
0.657410903066817 
0.657422499780780 
0.657446955240968 
0.657494458567871 
0.657580843808654 
0.657729670895795 
0.657974766296546 
0.658363270096232 
0.658959236984763 
0.659847839816865 
0.661140226318382 
0.662979082405865 
0.665544959828945 
0.669063431829533 
0.673813148618752 
0.680134874960145 
0.688441604972256 
0.699336223798242 
0.713362338449510 
0.731208036587526 
0.753710175839330 
0.781849691679503 
0.816770731256001 
0.859966308059243 
0.913088380024649 
0.977701894195085 
1.056185304789087 
1.150993806770294 
1.264817153291046 
1.401314975284366 
1.563618084276757 
1.755502767115938 
1.982261953869416 
2.248421842980516 
2.559731293873571 
2.922584699536286 
3.344018484975782 
3.831232947821254 
4.392501526593929 
5.036884152719638 
5.774328117571622 
6.615691942377470 
7.572716966492510 
8.658117168590532 
9.885645242670392 
11.270190679318258 
12.827829059104996 
14.575910254042597 
16.533139083305652 
18.719624005761887 
21.156836625975298 
23.867801256196913 
26.877215711071450 
30.211500678461682 
33.898946937841458 
37.969805231320578 
42.456361288459384 
47.393054274626571 
52.816587300776817 
58.766033600209141 
65.282948904706075 
72.411488094789661 
80.198526125084030 
88.693783197924787 
97.949954055197153 
108.022841175691724 
118.971491636248743 
130.858337426893854 
143.749339090661579 
157.714132662274267 
172.826179976019858 
189.162922475437256 
206.805938667621490 
225.841105312457159 
246.358762312844533 
268.453881058529021 
292.226235634625368 
317.780575759701605 
345.226799428471224 
374.680121759437839 
406.261234070432408 
440.096442984261557 
476.317772030864262 
515.062995057082162 
556.475546027367500 
600.704200320607129 
647.902318960590947 
698.226201994137227 
751.831320638096827 
808.862991317862793 
869.428500875937971 
933.482413217788462 
1000.000000000000000 
0.000000000000000 
0.000000000000000 
0.000000000000000 
0.000000000000000 
0.000000000000000 
0.000000000000000 
0.000000000000000 
0.000000000000000 
0.000000000000000 
0.000000000000000 
0.000000000000000 
0.000000000000000 
0.000000000000000 
0.000000000000000 
0.000000000000000 
0.000000000000000 
0.000000000000000 
0.000000000000000 
0.000000000000000 
0.000000000000000 
0.000000000000000 
0.000000000000000 
0.000000000000000 
0.000000000000000 
0.000000000000000 
0.000000000000000 
0.000000000000000 
0.000000000000000 
0.000000000000000 
0.000000000000000 
0.000000000000000 
0.000000000000000 
0.000000000000000 
0.034338160219199 
0.077392001243665 
0.130354062046948 
0.195818924547398 
0.279706876749673 
0.387046881307515 
0.537310389863887 
0.721015902813453 
0.947247483379643 
1.222690400958460 
1.565082694033197 
1.975223134279733 
2.461802645844090 
3.041880737646094 
3.719874060327611 
4.508054331535199 
5.417672547164123 
6.462301499343788 
7.653858537131953 
9.006585090738206 
10.535570631996602 
12.257455761936118 
14.190277492965137 
16.353646390317628 
18.769140128107146 
21.459221748890130 
24.448153550190838 
27.762050490594191 
31.428834314719374 
35.478446197005340 
39.942919640836386 
44.856430475601343 
50.255433036283684 
56.178770489302579 
62.667775429114066 
69.766379863406371 
77.521231779692982 
85.981817272725976 
95.200587756534105 
105.233091869547138 
116.138111666683486 
127.977802697901097 
140.817837635203375 
154.727553227231652 
169.780100506315989 
186.052598310575291 
203.626290279909938 
222.586705517931279 
243.023823073430350 
265.032240282704777 
288.711344820937029 
314.165490011889176 
341.504172482699630 
370.842210514425403 
402.299920236240609 
436.003284810157879 
472.084108375811297 
510.680140723697832 
551.935148431816401 
595.998889416275574 
643.026912342060882 
693.180030357974488 
746.623121283235605 
803.522453892797898 
864.039290271880645 
928.312173198926530 
996.352542430743370 
0.684472357496916 
0.684472357505921 
0.684472358649551 
0.684472377190775 
0.684472505034275 
0.684473061009880 
0.684474878311239 
0.684479773475499 
0.684491242292457 
0.684515428040018 
0.684562407465605 
0.684647839986901 
0.684795025700046 
0.685037418008770 
0.685421637101866 
0.686011031225025 
0.686889833881510 
0.688167966979131 
0.689986542809339 
0.692548792251221 
0.696066755886032 
0.700815626119021 
0.707135944029018 
0.715440343347469 
0.726224781105928 
0.740081051663393 
0.757710715039455 
0.779940577446067 
0.807739857684071 
0.842254029312974 
0.885188019322011 
0.937734165464385 
1.001649631531404 
1.079379361416531 
1.172990066143129 
1.285750604616303 
1.420776061120477 
1.581520275614726 
1.771524568242322 
1.996035912162420 
2.259624641933324 
2.567961599686194 
2.927502437656038 
3.345192119251496 
3.828142375434312 
4.384687095465664 
5.023815703804209 
5.755394707081715 
6.590271414063538 
7.540194780128075 
8.617891179729845 
9.837055182001702 
11.212548428605459 
12.760393282348527 
14.497883654101891 
16.443649310811455 
18.617763784182415 
21.041847437231791 
23.738846978671759 
26.733451065111655 
30.051894844312649 
33.722338464502499 
37.774944908726759 
42.241837749037991 
47.157294760603840 
52.557867954100843 
58.482472170600801 
64.972495131896309 
72.071912659039597 
79.827408455352824 
88.288498363164422 
97.507658996964281 
107.540460569170421 
118.445703652783664 
130.285559604590645 
143.125714414000413 
157.035515835460842 
172.088123780121890 
188.360664051986106 
205.934385586502771 
224.894821366990158 
245.331953148306013 
267.340380003528253 
291.019490517603685 
316.473638153228649 
343.812318847564825 
373.150349150523084 
404.608041989842832 
438.311375107762728 
474.392143770396785 
512.988083435286171 
554.242937620740804 
598.306427037384879 
645.334039785899790 
695.486488516996701 
748.928476514651152 
805.825950275779746 
866.339515234349165 
930.606156725532855 
998.630095500849961 
0.000000000000000 
0.000000000000000 
0.000000000000000 
0.000000000000000 
0.000000000000000 
0.000000000000000 
0.000000000000000 
0.000000000000000 
0.000000000000000 
0.000000000000000 
0.000000000000000 
0.000000000000000 
0.000000000000000 
0.000000000000000 
0.000000000000000 
0.000000000000000 
0.000000000000000 
0.000000000000000 
0.000000000000000 
0.000000000000000 
0.000000000000000 
0.000000000000000 
0.000000000000000 
0.000000000000000 
0.000000000000000 
0.000000000000000 
0.000000000000000 
0.000000000000000 
0.000000000000000 
0.000000000000000 
0.000000000000000 
0.000000000000000 
0.000000000000000 
0.025491536883289 
0.068036602329293 
0.120290835392106 
0.184451150709176 
0.265869943073757 
0.368460287961766 
0.512492500822619 
0.692031218739388 
0.913203223532953 
1.182484565245372 
1.515043213973773 
1.917696887274122 
2.396264858196479 
2.964623643242237 
3.633670704638361 
4.411587637714812 
5.311334597536675 
6.344764234312994 
7.526192646522310 
8.868593095617154 
10.387352199934583 
12.098861523466613 
14.021083186095829 
16.173471067297541 
18.577223441132158 
21.255484564431605 
24.232327945886574 
27.533601715654218 
31.187096701925675 
35.222628910471208 
39.672114062595796 
44.569634302420440 
49.951538408898998 
55.856548811330299 
62.325868783021392 
69.403293959621422 
77.135328853147513 
85.571308392100065 
94.763524392373668 
104.767356765944939 
115.641409179238565 
127.447648813528573 
140.251549880958635 
154.122240617076727 
169.132653588155421 
185.359679287641910 
202.884323115357404 
221.791865906526482 
242.172028188317597 
264.119138282557230 
287.732304240324311 
313.115589374482397 
340.378190815570917 
369.634619983674554 
401.004883013846495 
434.614657769518715 
470.595461736765458 
509.084801119878648 
550.226284567543985 
594.169672603262597 
641.070811057112110 
691.091352246265046 
744.398055282400151 
801.161199608040079 
861.550885931606672 
925.727366931381312 
993.790481129386535 
0.712130364596663 
0.712130364605682 
0.712130365751120 
0.712130384321640 
0.712130512367135 
0.712131069221198 
0.712132889393925 
0.712137792292480 
0.712149279229159 
0.712173503184125 
0.712220556810105 
0.712306124213741 
0.712453542149614 
0.712696316461796 
0.713081139973283 
0.713671458658229 
0.714551633981959 
0.715831750958798 
0.717653124017388 
0.720194556497046 
0.723679414891963 
0.728383586183900 
0.734644396055342 
0.742870577536797 
0.753553393364669 
0.767279029921726 
0.784742393896402 
0.806762451032019 
0.834299244135851 
0.868790255631648 
0.911375296180004 
0.963495229741601 
1.026950562512980 
1.104132818577750 
1.196947657931832 
1.309034067648713 
1.442858172629368 
1.602491971988002 
1.791183888920568 
2.014017688864326 
2.275775982637898 
2.581959162893476 
2.938970244441032 
3.353888339372256 
3.833748658141038 
4.386765483422550 
5.021986819903956 
5.749246785870247 
6.579304491394165 
7.523926100934391 
8.595825147944300 
9.808736447174553 
11.177458015199553 
12.717996142413908 
14.447608536239526 
16.384888939368096 
18.549900264022050 
20.964306420027832 
23.651164173738607 
26.634863923905989 
29.941629569924199 
33.599553345463832 
37.638688451997396 
42.091106952467257 
46.991012931579178 
52.374856461941519 
58.281440817079613 
64.752033791449577 
71.830483100711419 
79.563335918053539 
87.999962671086692 
97.192685148915089 
107.196908852635161 
118.071259415038796 
129.877722849214507 
142.681789378981335 
156.552600657145746 
171.563100273621018 
187.790187565993904 
205.314874839541574 
224.222448157418626 
244.602631860024559 
266.549756908313327 
290.162933012303199 
315.546224287151290 
342.808827837183799 
372.065254128877314 
403.435507143799100 
437.045260871951029 
473.026026317521712 
511.515299136752333 
552.656670994968067 
596.599875108888000 
643.500713170366112 
693.520765224041270 
746.826667793033380 
803.588481310707948 
863.975880810118269 
928.148173007351033 
996.201372173556592 
