0.000000000000000 
0.000000000000000 
0.000000000000000 
0.000000000000000 
0.000000000000000 
0.000000000000000 
0.000000000000000 
0.000000000000000 
0.000000000000000 
0.000000000000000 
0.000000000000000 
0.000000000000000 
0.000000000000000 
0.000000000000000 
0.000000000000000 
0.000000000000000 
0.000000000000000 
0.000000000000000 
0.000000000000000 
0.000000000000000 
0.000000000000000 
0.000000000000000 
0.000000000000000 
0.000000000000000 
0.000000000000000 
0.000000000000000 
0.000000000000000 
0.000000000000000 
0.000000000000000 
0.000000000000000 
0.000000000000000 
0.000000000000000 
0.000000000000000 
0.000000000000000 
0.000000000000000 
0.000000000000000 
0.000000000000000 
0.000000000000000 
0.000000000000000 
0.000000000000000 
0.000000000000000 
0.000000000000000 
0.000000000000000 
0.000000000000000 
0.000000000000000 
0.000000000000000 
0.000000000000000 
0.000000000000000 
0.000000000000000 
0.000000000000000 
0.000000000000000 
0.000000000000000 
0.000000000000000 
0.000000000000000 
0.000000000000000 
0.000000000000000 
0.000000000000000 
0.000000000000000 
0.000000000000000 
0.000000000000000 
0.000000000000000 
0.000000000000000 
0.000000000000000 
0.000000000000000 
0.000000000000000 
0.000000000000000 
0.000000000000000 
0.000000000000000 
0.000000000000000 
0.000000000000000 
0.000000000000000 
0.000000000000000 
0.000000000000000 
0.000000000000000 
0.000000000000000 
0.000000000000000 
0.000000000000000 
0.000000000000000 
0.000000000000000 
0.000000000000000 
0.000000000000000 
0.000000000000000 
0.000000000000000 
0.000000000000000 
0.000000000000000 
0.000000000000000 
0.000000000000000 
0.000000000000000 
0.005673679161828 
0.012427962123706 
0.019675674077971 
0.027448593025756 
0.035780434119321 
0.044707011384283 
0.054266389895810 
0.064498782906161 
0.075446887377811 
0.087156127742232 
0.099674866875690 
0.113054715244921 
0.127349958864741 
0.142618451706859 
0.158921940208976 
0.176326492741460 
0.199342263208746 
0.224533676009203 
0.251390299674418 
0.279985868651296 
0.310466420128427 
0.343134150557283 
0.378011002173970 
0.415108150162134 
0.454542089664043 
0.496450061698316 
0.540984529112798 
0.589173770001282 
0.643170468010231 
0.700867952863951 
0.762130973762633 
0.827208145878493 
0.896344657333885 
0.969642956104471 
1.047378286765891 
1.129829356970971 
1.217435061413601 
1.311876281602666 
1.412755752064843 
1.519597022643092 
1.632602938771268 
1.752043194321861 
1.878201511260674 
2.011544311027917 
2.152824366933648 
2.302998516169205 
2.461756858540806 
2.629107617293556 
2.805467836039393 
2.991140541915005 
3.186683919389756 
3.392944146346014 
3.610253188403910 
3.838711543513960 
4.078715570594071 
4.330570907108865 
4.594941813516154 
4.872441963483057 
5.163361927038530 
5.468144030851606 
5.787202048574406 
6.121090545103681 
6.470340885510075 
6.835382890433030 
7.216690488203510 
7.614796672922267 
8.030355366843210 
8.463819191138299 
8.915673814115873 
9.386517669873470 
9.876952937446443 
10.387519608427757 
10.918817656368132 
11.471487348039027 
12.046170347656254 
12.643526168963916 
13.264183196680445 
13.908832134689375 
14.578170231973917 
15.272904046010780 
15.993774037444954 
16.741532977783727 
17.516955299533279 
18.320836779206704 
19.153993717794869 
20.017266679628598 
20.911538273881966 
21.837663717478787 
22.796554941040284 
23.789126361819264 
24.816328152554892 
25.879127473882182 
26.978518934831222 
28.115519264796053 
29.291169728639588 
30.506535711613623 
31.762707196927352 
33.060799000722113 
34.401951106305098 
35.787328998413798 
37.218124048973479 
38.695553872368151 
40.220862714295251 
41.795321834036919 
43.420231821382210 
45.096922817273814 
46.826745836713599 
48.611082003283329 
50.451342372697013 
52.348968002762177 
54.305430165419580 
56.322230643716139 
58.400902084200531 
60.543008401707013 
62.750145168308080 
65.023939947731265 
67.366052933988939 
69.778177505719214 
72.262040736559584 
74.819403886317104 
77.452062891178585 
80.161848863146133 
82.950628603841892 
85.820305132052724 
88.772818219247483 
91.810144929626517 
94.934300163471420 
98.147337203547963 
101.451348264675360 
104.848465046660266 
108.340859290777928 
111.930743339943788 
115.620370702685520 
119.412036621005043 
123.308078642212422 
127.310877194815646 
131.422856168555711 
135.646483498686592 
139.984271754606539 
144.438778732955541 
149.012608055294038 
153.708409770478653 
158.528880961844720 
163.476766359293094 
168.554858956364569 
173.766000632365262 
179.113082779576672 
184.599046935556203 
190.226885420495279 
195.999641979555378 
201.920412430052238 
207.992345313634985 
214.218642551923892 
220.602560105771943 
227.147408642172763 
233.856554200172127 
240.733418860134407 
247.781481414823872 
255.004278041034610 
262.405402970472210 
269.988509158300246 
277.757308947327317 
285.715574653938518 
293.867139346763565 
302.215897465739772 
310.765805364354264 
319.520881944470943 
328.485209228343990 
337.662932896979669 
347.058262786699970 
356.675473334172750 
366.518903958312876 
376.592959365236652 
386.902109759837515 
397.450890944448702 
408.243904281382640 
419.285816491777439 
430.581359257997121 
442.135328590640654 
453.952583913810372 
466.038046813364815 
478.396699382077259 
491.033582082434691 
503.953791031594051 
517.162474592868307 
530.664829132845966 
544.466093771189662 
558.571543908977787 
572.986483267723656 
587.716234099490293 
602.766125136911342 
618.141476733223271 
633.847582371123281 
649.889685718136207 
666.272951807738309 
683.002430559731465 
700.083010121082566 
717.519356447802579 
735.315833942184781 
753.476399468042359 
772.004458101504611 
790.902662482515780 
810.172626654476403 
829.814506029989502 
849.826359936745575 
870.203145752416958 
890.935057057901304 
912.004623734176221 
933.381311436402257 
955.010674772291168 
976.790424238941455 
998.367249021070165 
0.662633717245615 
0.662633717245620 
0.662633717246132 
0.662633717254433 
0.662633717311671 
0.662633717560592 
0.662633718374231 
0.662633720565888 
0.662633725700688 
0.662633736529076 
0.662633757562541 
0.662633795811899 
0.662633861708451 
0.662633970228347 
0.662634142240462 
0.662634406098104 
0.662634799494884 
0.662635371605075 
0.662636185528747 
0.662637321062040 
0.662638877812873 
0.662640978682420 
0.662643773732682 
0.662647444460473 
0.662652208498170 
0.662658324761542 
0.662666099065022 
0.662675890224764 
0.662688116669849 
0.662703263582014 
0.662721890584313 
0.662744639999102 
0.662772245695823 
0.662805542549034 
0.662845476527224 
0.662893115432980 
0.662949660315134 
0.663016457573579 
0.663095011777575 
0.663186999218411 
0.663294282217448 
0.663418924210703 
0.663563205631304 
0.663729640611327 
0.663920994524778 
0.664140302393724 
0.664390888179888 
0.664676384984359 
0.665000756178489 
0.665368317489445 
0.665783760064451 
0.666252174538275 
0.666779076129178 
0.667370430789276 
0.668032682436007 
0.668772781292350 
0.669598213364359 
0.670517031085682 
0.671537885159882 
0.672670057632679 
0.673923496227582 
0.675308849979877 
0.676837506205536 
0.678521628843262 
0.680374198209691 
0.682409052209603 
0.684640929044922 
0.687085511468223 
0.689759472628482 
0.692680523558701 
0.695867462357024 
0.699340225114697 
0.703119938645943 
0.707234849866911 
0.711704490291109 
0.716552788501750 
0.721806240272306 
0.727492826597455 
0.733642078468509 
0.740285143850944 
0.747454856917633 
0.755195992326247 
0.763548232024937 
0.772538204758816 
0.782206329261589 
0.792595096096975 
0.803752857648145 
0.815747095288328 
0.828604492709300 
0.842376762430131 
0.857121775362859 
0.872927604866183 
0.889821297073536 
0.907865313309526 
0.927160698147305 
0.947753122842842 
0.969704110127910 
0.993132006111031 
1.018078471018827 
1.044653088662268 
1.072968133516033 
1.103062654546015 
1.135086838604500 
1.169080085144651 
1.205254910177380 
1.243616750072399 
1.284518763857326 
1.327855437278946 
1.373835231836551 
1.422514643313937 
1.474058240976268 
1.528630294182172 
1.586333083887257 
1.647420561649405 
1.711962922413183 
1.780116205023108 
1.852124228325294 
1.928111042171751 
2.008260448259617 
2.092818867447990 
2.182033220221298 
2.276043981113481 
2.375052846942633 
2.479294219355145 
2.589008646929793 
2.704403524252830 
2.825723963666396 
2.953221022424462 
3.087183060161793 
3.227904193756831 
3.375648354288010 
3.530689793073740 
3.693312913668442 
3.863821159590606 
4.042534905139774 
4.229786039532235 
4.425924610601875 
4.631278954559582 
4.846200773201184 
5.071045352795090 
5.306184114994194 
5.552003151817290 
5.808903032492458 
6.077299635422966 
6.357613384702653 
6.650269063268578 
6.955708768193174 
7.274389173001835 
7.606772769029077 
7.953317679237631 
8.314509956651140 
8.690850248314995 
9.082854236533251 
9.491051510902720 
9.915979373072332 
10.358188839686761 
10.818248187294968 
11.296740156382475 
11.794259893225497 
12.311418139223036 
12.848842427121630 
13.407175368067234 
13.987074246828275 
14.589211228090612 
15.214275315042311 
15.862973303285155 
16.536028417537175 
17.234181423692846 
17.958191428190496 
18.708835941796263 
19.486911170318400 
20.293232581008930 
21.128635343062793 
21.993974442261958 
22.890124159612842 
23.817978155961598 
24.778452183852863 
25.772482752071475 
26.801028467284596 
27.865069493239616 
28.965608323736038 
30.103670365982957 
31.280304031183746 
32.496581264512564 
33.753597751880996 
35.052473489290236 
36.394353135666748 
37.780406472736288 
39.211828761810217 
40.689841176340884 
42.215691200719171 
43.790653047226591 
45.416028046348174 
47.093144875253628 
48.823359828181459 
50.608057848475099 
52.448652885612688 
54.346588279446777 
56.303337157436609 
58.320402837056129 
60.399319251959540 
62.541651408856694 
64.748995841878468 
67.022981246360416 
69.365268971120855 
71.777553499605915 
74.261562929435300 
76.819059462192968 
79.451839906878575 
82.161736197758898 
84.950615924450403 
87.820382864727435 
90.772977519840055 
93.810377652808654 
96.934598830033295 
100.147694966455290 
103.451758874432571 
106.848922816437664 
110.341359061653037 
113.931280446519622 
117.620940939286442 
121.412636208612213 
125.308704196275187 
129.311525694058531 
133.423524924887460 
137.647170128305305 
141.984974150381532 
146.439495038150170 
151.013336638678055 
155.709149202857731 
160.529629994014613 
165.477523901404368 
170.555624058661152 
175.766772467237587 
181.113860624846978 
186.599830158891621 
192.227673464820668 
198.000434349313025 
203.921208678128210 
209.993145028387175 
216.219445345069175 
222.603365601684430 
229.148216464295047 
235.857363957644054 
242.734230133706888 
249.782293741414406 
257.005090896422018 
264.406215749554178 
271.989321152214245 
279.758119316563352 
287.716382470825693 
295.867943509402153 
304.216696618367450 
312.766597885354031 
321.521665892947453 
330.485982281120869 
339.663692274318862 
349.059005164772316 
358.676194742003474 
368.519599656560445 
378.593623703755156 
388.902736010484432 
399.451471105046551 
410.244428846083622 
421.286274182317356 
432.581736709421477 
444.135609984007488 
455.952750547090545 
468.038076600197655 
480.396566266132936 
493.033255352775200 
505.953234521466015 
519.161645740621225 
532.663677878858039 
546.464561258463846 
560.569560946910656 
574.983968507960412 
589.713091859381507 
604.762242781936266 
620.136721475999934 
635.841797394530317 
651.882685373939012 
668.264515612298851 
684.992295586737555 
702.070861219185645 
719.504813450620190 
737.298434632997214 
755.455576414404618 
773.979506410344470 
792.872693714705974 
812.136500933582511 
831.770728450395154 
851.772915798830013 
872.137225018004983 
892.852563780665491 
913.899228382141700 
935.242401400766084 
956.818132677049562 
978.498650432099907 
1000.000000000000000 
0.000000000000000 
0.000000000000000 
0.000000000000000 
0.000000000000000 
0.000000000000000 
0.000000000000000 
0.000000000000000 
0.000000000000000 
0.000000000000000 
0.000000000000000 
0.000000000000000 
0.000000000000000 
0.000000000000000 
0.000000000000000 
0.000000000000000 
0.000000000000000 
0.000000000000000 
0.000000000000000 
0.000000000000000 
0.000000000000000 
0.000000000000000 
0.000000000000000 
0.000000000000000 
0.000000000000000 
0.000000000000000 
0.000000000000000 
0.000000000000000 
0.000000000000000 
0.000000000000000 
0.000000000000000 
0.000000000000000 
0.000000000000000 
0.000000000000000 
0.000000000000000 
0.000000000000000 
0.000000000000000 
0.000000000000000 
0.000000000000000 
0.000000000000000 
0.000000000000000 
0.000000000000000 
0.000000000000000 
0.000000000000000 
0.000000000000000 
0.000000000000000 
0.000000000000000 
0.000000000000000 
0.000000000000000 
0.000000000000000 
0.000000000000000 
0.000000000000000 
0.000000000000000 
0.000000000000000 
0.000000000000000 
0.000000000000000 
0.000000000000000 
0.000000000000000 
0.000000000000000 
0.000000000000000 
0.000000000000000 
0.000000000000000 
0.000000000000000 
0.000000000000000 
0.000000000000000 
0.000000000000000 
0.000000000000000 
0.000000000000000 
0.000000000000000 
0.000000000000000 
0.000000000000000 
0.000000000000000 
0.000000000000000 
0.000000000000000 
0.000000000000000 
0.000000000000000 
0.000000000000000 
0.000000000000000 
0.000000000000000 
0.000000000000000 
0.000000000000000 
0.000000000000000 
0.000000000000000 
0.000000000000000 
0.000000000000000 
0.000000000000000 
0.000000000000000 
0.000000000000000 
0.000000000000000 
0.000000000000000 
0.005586681987902 
0.012763693565729 
0.020458986777550 
0.028705257583568 
0.037537414877208 
0.046992463163731 
0.057109638433374 
0.067930608552122 
0.079499924821377 
0.091864046513204 
0.105072644307943 
0.119178534569994 
0.134238261895044 
0.150311423782985 
0.167460878596789 
0.185754013363239 
0.208343522218299 
0.234807576374291 
0.262978489856751 
0.292961775756982 
0.324854423346542 
0.358935511196409 
0.395433861015032 
0.434211357386648 
0.475411258464362 
0.519169803174167 
0.565630423667021 
0.614949303479003 
0.670052582955413 
0.730164088342099 
0.793886513119503 
0.861470620235994 
0.933272730108676 
1.009446780590812 
1.090077534961052 
1.175539361169663 
1.266065702819270 
1.362627891820169 
1.466719073727413 
1.577238292477749 
1.694097474395440 
1.817637862824812 
1.948074048045576 
2.085728045709630 
2.230958229162451 
2.385015829274753 
2.548692251295524 
2.721342028633585 
2.903159193399994 
3.094476809645510 
3.295808005533456 
3.507650862378774 
3.731068740659025 
3.966307146451437 
4.213287635556134 
4.472405970169450 
4.744283104357224 
5.029457329431499 
5.328690699993398 
5.642188425049524 
5.970228937701124 
6.313413009972910 
6.672484235773315 
7.047934461201622 
7.440088118586866 
7.849417455661345 
8.276601855573137 
8.722260380338117 
9.186850151161014 
9.671014830952206 
10.175302891937820 
10.700334554277712 
11.246696082930853 
11.815034538611767 
12.405989881282908 
13.020217346054567 
13.658399041755949 
14.321246065598409 
15.009510507938378 
15.723865614128453 
16.465078222061660 
17.233925083614398 
18.031174318629795 
18.857645273096256 
19.714163259068879 
20.601577445065214 
21.520761465310244 
22.472608142081214 
23.458034907657037 
24.477980397921485 
25.533432213931004 
26.625353361689932 
27.754762030679736 
28.922679950968615 
30.130167122745814 
31.378300671913010 
32.668187550533752 
34.000957503515423 
35.377767126704946 
36.799798382540359 
38.268259841679800 
39.784386647422835 
41.349441039140231 
42.964712664751062 
44.631518981800802 
46.351205641876042 
48.125146892755922 
49.954745990553953 
51.841435626349600 
53.786678370994267 
55.791967142435809 
57.858826881568007 
59.988815765480936 
62.183517537889230 
64.444548757715722 
66.773559008778861 
69.172231238570404 
71.642282155815977 
74.185462638846019 
76.803558155863357 
79.498389177197240 
82.271811632823272 
85.125717431725420 
88.062034998752225 
91.082729818832263 
94.189804984673657 
97.385301746955207 
100.671300067084829 
104.049919172878333 
107.523318117497297 
111.093696341888574 
114.763294240875382 
118.534393732981613 
122.409318834031509 
126.390436234551231 
130.480155881000314 
134.680931560873574 
138.995261491734055 
143.425688914260206 
147.974802689411234 
152.645237899836388 
157.439676455670167 
162.360847704866018 
167.411529048230534 
172.594546559323987 
177.912775609387694 
183.369141497455843 
188.966620085798212 
194.708238440828296 
200.597075479593542 
206.636262621947566 
212.828984448481805 
219.178479364275461 
225.688040268492841 
232.361015229835800 
239.200808167826892 
246.210879539869893 
253.394747033995344 
260.755986267161290 
268.298231488926888 
276.025176290267041 
283.940574317216772 
292.048239988962678 
300.352049219884123 
308.855940144931310 
317.563913847564095 
326.480035089284058 
335.608433039550391 
344.953302004577949 
354.518902153139209 
364.309560237042263 
374.329670303387047 
384.583694395006432 
395.076163234632645 
405.811676887261115 
416.794905393864894 
428.030589367971857 
439.523540544601133 
451.278642268526767 
463.300849905723794 
475.595191157936256 
488.166766255419247 
501.020747996748241 
514.162381596773912 
527.596984293847640 
541.329944654627525 
555.366721498179459 
569.712842339657755 
584.373901224623410 
599.355555694644750 
614.663523363763261 
630.303576205437139 
646.281533737999780 
662.603253915909590 
679.274620988362472 
696.301529255518062 
713.689861131319390 
731.445457138542565 
749.574074208353977 
768.081326585149668 
786.972600096929909 
806.252924265475826 
825.926775071139787 
845.997758432112050 
866.468077312104242 
887.337580447041546 
908.601935623820737 
930.248772924207969 
952.248311526067482 
974.518271795579722 
996.761334993707578 
0.693051764156417 
0.693051764156422 
0.693051764156925 
0.693051764165090 
0.693051764221388 
0.693051764466222 
0.693051765266504 
0.693051767422180 
0.693051772472681 
0.693051783123298 
0.693051803811454 
0.693051841432866 
0.693051906247584 
0.693052012985894 
0.693052182174059 
0.693052441699909 
0.693052828638236 
0.693053391356005 
0.693054191917366 
0.693055308808428 
0.693056840001831 
0.693058906381052 
0.693061655544488 
0.693065266009272 
0.693069951834836 
0.693075967686234 
0.693083614357203 
0.693093244773010 
0.693105270493099 
0.693120168733572 
0.693138489929567 
0.693160865857618 
0.693188018338073 
0.693220768537742 
0.693260046892911 
0.693306903672970 
0.693362520204910 
0.693428220779055 
0.693505485256434 
0.693595962398331 
0.693701483938649 
0.693824079419851 
0.693965991813415 
0.694129693945913 
0.694317905752041 
0.694533612376170 
0.694780083144265 
0.695060891428361 
0.695379935426134 
0.695741459878533 
0.696150078748917 
0.696610798887684 
0.697129044706940 
0.697710683890512 
0.698362054165259 
0.699089991160559 
0.699901857383696 
0.700805572339962 
0.701809643827310 
0.702923200436697 
0.704157316881738 
0.705524682847068 
0.707033484095441 
0.708695724605041 
0.710524213702638 
0.712532606666490 
0.714735446799008 
0.717148209013507 
0.719787344981286 
0.722670329887294 
0.725815710844546 
0.729243157019363 
0.732973511521248 
0.737028845112854 
0.741432511796843 
0.746209206337527 
0.751385023775848 
0.757002258087751 
0.763077082499794 
0.769639656452322 
0.776722397828086 
0.784359458471415 
0.792586797002706 
0.801442254007440 
0.810994243476979 
0.821260625312026 
0.832283113909546 
0.844108016183390 
0.856786648488036 
0.870396406439199 
0.884963660004819 
0.900544555745748 
0.917214142269270 
0.935058109161005 
0.954103995863233 
0.974424192747691 
0.996118772875733 
1.019229734606936 
1.043854702220156 
1.070091959062942 
1.097991187124714 
1.127710383706727 
1.159283940112247 
1.192843414564816 
1.228472478753148 
1.266301260140770 
1.306432009149245 
1.349103458324018 
1.394380885889078 
1.442441406748818 
1.493307977228163 
1.547186719388061 
1.604153278174808 
1.664388463289200 
1.728073888710783 
1.795321133129122 
1.866345639080183 
1.941352595846519 
2.020476485410928 
2.103926544842342 
2.191927242572084 
2.284647193276554 
2.382318128131977 
2.485221127279966 
2.593569644445451 
2.707532178086327 
2.827346975492661 
2.953260691108399 
3.085562909325327 
3.224542560086173 
3.370448696227049 
3.523575216885656 
3.684237697616140 
3.852754446628935 
4.029380054279597 
4.214482398086446 
4.408350130339767 
4.611335385760743 
4.823798132539351 
5.046115143491200 
5.278662940478602 
5.521812244754820 
5.775948150699184 
6.041484847572979 
6.318854423022975 
6.608498126747195 
6.910844594780658 
7.226313778453561 
7.555365566229232 
7.898483615011345 
8.256164014903907 
8.628904402425384 
9.017209345871613 
9.421602695091687 
9.842630211428922 
10.280850325813928 
10.736828457207599 
11.211144378233747 
11.704394115922694 
12.217186102484801 
12.750145004753582 
13.303910505794445 
13.879139165590797 
14.476502785318473 
15.096690495350192 
15.740409081368908 
16.408382372977066 
17.101349168814430 
17.820061432568224 
18.565295288315333 
19.337842872179220 
20.138513416704232 
20.968138501257386 
21.827567677350135 
22.717670777208191 
23.639338508530962 
24.593481418559055 
25.581032029970672 
26.602945152906905 
27.660197950052375 
28.753784156679487 
29.884724433735101 
31.054059965216915 
32.262857396510441 
33.512205269938455 
34.803216940457688 
36.137029722305250 
37.514806432021857 
38.937735044395232 
40.407029453007198 
41.923929685570577 
43.489702407914905 
45.105641298997796 
46.773067492395100 
48.493330000602370 
50.267806158874563 
52.097902079038604 
53.985053122598998 
55.930724391913373 
57.936411186697228 
60.003639217751328 
62.133965326510236 
64.328976555939519 
66.590292096634784 
68.919563743704046 
71.318476359207423 
73.788748298182668 
76.332131845705362 
78.950413665882493 
81.645415275308054 
84.418993592681161 
87.273041483990241 
90.209488304241489 
93.230300439573639 
96.337481851530583 
99.533074624367885 
102.819159515855503 
106.197856511824043 
109.671325384579262 
113.241766255235092 
116.911420159979656 
120.682569620269518 
124.557539216947490 
128.538696168288595 
132.628450911994804 
136.829257691177986 
141.143615144395199 
145.574066899816955 
150.123202173630176 
154.793656372795851 
159.588111702288103 
164.509297776957510 
169.559992238158856 
174.743021375291733 
180.061260752394674 
185.517635839926498 
191.115122651864738 
196.856748388232802 
202.745592083157874 
208.784785258540012 
214.977512583397754 
221.327012538936572 
227.836578089355982 
234.509557358397444 
241.349354311595732 
248.359429444177692 
255.543300474501734 
262.904543042906766 
270.446791415771656 
278.173739194546386 
286.089140029425209 
294.196808337260620 
302.500620023195779 
311.004513205374280 
319.712488941907111 
328.628611959083571 
337.757011379555820 
347.101881448919016 
356.667482258716859 
366.458140463431391 
376.478249988422249 
386.732272725051416 
397.224739208330732 
407.960249271315547 
418.943472669091591 
430.179149663501050 
441.672091557652720 
453.427181166628543 
465.449373207570375 
477.743694588241226 
490.315244568075968 
503.169194759311495 
516.310788927628437 
529.745342541337322 
543.478242004738377 
557.514943493936471 
571.860971291294845 
586.521915489497815 
601.503428926603647 
616.811223229439406 
632.451062994313475 
648.428758627442903 
664.750156725174179 
681.421127277364462 
698.447546533214791 
715.835273826740945 
733.590119816549645 
751.717802239487241 
770.223883031879723 
789.113676824526578 
808.392113973997766 
828.063528587990277 
848.131317229740603 
868.597362866985804 
889.461005944329145 
910.717075598254951 
932.351780992240151 
954.332917555648692 
976.569332498590029 
998.712179216004415 
0.000000000000000 
0.000000000000000 
0.000000000000000 
0.000000000000000 
0.000000000000000 
0.000000000000000 
0.000000000000000 
0.000000000000000 
0.000000000000000 
0.000000000000000 
0.000000000000000 
0.000000000000000 
0.000000000000000 
0.000000000000000 
0.000000000000000 
0.000000000000000 
0.000000000000000 
0.000000000000000 
0.000000000000000 
0.000000000000000 
0.000000000000000 
0.000000000000000 
0.000000000000000 
0.000000000000000 
0.000000000000000 
0.000000000000000 
0.000000000000000 
0.000000000000000 
0.000000000000000 
0.000000000000000 
0.000000000000000 
0.000000000000000 
0.000000000000000 
0.000000000000000 
0.000000000000000 
0.000000000000000 
0.000000000000000 
0.000000000000000 
0.000000000000000 
0.000000000000000 
0.000000000000000 
0.000000000000000 
0.000000000000000 
0.000000000000000 
0.000000000000000 
0.000000000000000 
0.000000000000000 
0.000000000000000 
0.000000000000000 
0.000000000000000 
0.000000000000000 
0.000000000000000 
0.000000000000000 
0.000000000000000 
0.000000000000000 
0.000000000000000 
0.000000000000000 
0.000000000000000 
0.000000000000000 
0.000000000000000 
0.000000000000000 
0.000000000000000 
0.000000000000000 
0.000000000000000 
0.000000000000000 
0.000000000000000 
0.000000000000000 
0.000000000000000 
0.000000000000000 
0.000000000000000 
0.000000000000000 
0.000000000000000 
0.000000000000000 
0.000000000000000 
0.000000000000000 
0.000000000000000 
0.000000000000000 
0.000000000000000 
0.000000000000000 
0.000000000000000 
0.000000000000000 
0.000000000000000 
0.000000000000000 
0.000000000000000 
0.000000000000000 
0.000000000000000 
0.000000000000000 
0.000000000000000 
0.000000000000000 
0.000000000000000 
0.006867269780239 
0.014507309039394 
0.022692622919804 
0.031457565575852 
0.040838723926445 
0.050874359943928 
0.061605232096513 
0.073074569060370 
0.085328209642502 
0.098415089671149 
0.112386823291029 
0.127297721136411 
0.143205906637775 
0.160173359006271 
0.178265780913792 
0.197590432784789 
0.221122628469854 
0.248964184796765 
0.278609743061222 
0.310142392517471 
0.343668984000194 
0.379415534142653 
0.417738023628352 
0.458428440770716 
0.501622655960473 
0.547482701395321 
0.596146876682355 
0.647840803151978 
0.704569453098392 
0.767433043789275 
0.834034324671183 
0.904598071791638 
0.979464961920663 
1.058968358374655 
1.143066952399214 
1.232098942459265 
1.326369834610395 
1.426489253083587 
1.534214231928078 
1.649230043513604 
1.770655256193971 
1.898973288239710 
2.034518943634913 
2.177471052477161 
2.328228442724369 
2.487409675381736 
2.656694930480512 
2.835737072932326 
3.024142253596648 
3.222397581213302 
3.430834751868183 
3.650003362126086 
3.880731564617836 
4.123974366901634 
4.379520562866537 
4.647523659631044 
4.928439937091556 
5.223031227061893 
5.532004201707684 
5.855935353681748 
6.194917609775145 
6.549334256850134 
6.919851035436874 
7.307295370770219 
7.712215314249235 
8.134811960532549 
8.575624641465009 
9.035388809367177 
9.514789394004952 
10.014260899053369 
10.534356704200210 
11.075888736335679 
11.639425944713587 
12.225523735262842 
12.834874438561448 
13.468215164666322 
14.126183789546300 
14.809480855576190 
15.518874303374163 
16.255091024185241 
17.018956226911655 
17.811205880653269 
18.632642559220319 
19.484114028454080 
20.366441655253691 
21.280499842101193 
22.227178305286131 
23.207385854072179 
24.222058906080846 
25.272149736720205 
26.358638398485226 
27.482526814522906 
28.644841235746618 
29.846654164265615 
31.089022253876362 
32.373054352237460 
33.699867144740416 
35.070614287242776 
36.486467951353404 
37.948631195408083 
39.458331417770289 
41.016824475663270 
42.625393127042614 
44.285348301102488 
45.998029067549837 
47.764803180611203 
49.587067406441982 
51.466247945232411 
53.403800836339272 
55.401212385343776 
57.459999604243841 
59.581710648033152 
61.767925294490212 
64.020255203813036 
66.340344391636521 
68.729869728654535 
71.190541553257887 
73.724106588396353 
76.332343533682419 
79.017064246736282 
81.780116573887256 
84.623384504055053 
87.548788553543602 
90.558286238697775 
93.653872585782224 
96.837580659208641 
100.111482100752866 
103.477687676701677 
106.938347831514079 
110.495653247230592 
114.151835408138226 
117.909167170329113 
121.769963335867700 
125.736581231336487 
129.811421290579119 
133.996927641505835 
138.295588696868805 
142.709937748958907 
147.242553568218398 
151.896061005798174 
156.673131600128613 
161.576484187598737 
166.608885517468593 
171.773150871158947 
177.072144686075319 
182.508781184136950 
188.086025005182250 
193.806891845421916 
199.674449101106546 
205.691816517563495 
211.862166843746422 
218.188726492423427 
224.674776206109414 
231.323651728830555 
238.138744483782034 
245.123502256917533 
252.281429886481305 
259.616089958465295 
267.131103507941475 
274.830150726186105 
282.716971673468834 
290.795366997338590 
299.069198656179026 
307.542390647743787 
316.218929742301384 
325.102866219926227 
334.198314611348906 
343.509454441639605 
353.040530975811009 
362.795855965212013 
372.779808393302403 
382.996835219058994 
393.451452115844290 
404.148244203046715 
415.091866767153306 
426.287045968132134 
437.738579526003832 
449.451337381280609 
461.430262321443138 
473.680370563761301 
486.206752282453124 
499.014572065302559 
512.109069281243137 
525.495558335899887 
539.179428786364383 
553.166145279231387 
567.461247266695977 
582.070348443962075 
596.999135833684136 
612.253368479201981 
627.838875509138802 
643.761553479395161 
660.027362791092742 
676.642322886682337 
693.612505829873044 
710.944027719128599 
728.643037148543044 
746.715699565923273 
765.168175800621384 
784.006592088675916 
803.236997319311513 
822.865300391578216 
842.897175311332603 
863.337911342624466 
884.192163884687943 
905.463512402156084 
927.153605818514052 
949.260283101649520 
971.771415472659783 
994.637976427504100 
0.724252883723897 
0.724252883723901 
0.724252883724401 
0.724252883732513 
0.724252883788440 
0.724252884031659 
0.724252884826663 
0.724252886968120 
0.724252891985309 
0.724252902565679 
0.724252923117382 
0.724252960490654 
0.724253024877875 
0.724253130912173 
0.724253298984428 
0.724253556798527 
0.724253941184729 
0.724254500190990 
0.724255295472098 
0.724256404996493 
0.724257926090614 
0.724259978840622 
0.724262709871392 
0.724266296522590 
0.724270951441754 
0.724276927614191 
0.724284523849615 
0.724294090745383 
0.724306037146227 
0.724320837120388 
0.724339037472076 
0.724361265810189 
0.724388239193263 
0.724420773370649 
0.724459792639931 
0.724506340340693 
0.724561590004731 
0.724626857182928 
0.724703611969052 
0.724793492240849 
0.724898317638896 
0.725020104303822 
0.725161080392630 
0.725323702395070 
0.725510672271166 
0.725724955431258 
0.725969799580204 
0.726248754447649 
0.726565692426679 
0.726924830143516 
0.727330750981409 
0.727788428582368 
0.728303251350958 
0.728881047985022 
0.729528114058910 
0.730251239685603 
0.731057738284975 
0.731955476486435 
0.732952905195235 
0.734059091852908 
0.735283753923545 
0.736637293639001 
0.738130834037580 
0.739776256332315 
0.741586238646624 
0.743574296156877 
0.745754822683235 
0.748143133772041 
0.750755511314936 
0.753613797750089 
0.756734302820964 
0.760134614101487 
0.763835402471298 
0.767858555459747 
0.772227232223054 
0.776965920426286 
0.782100495088276 
0.787658279448247 
0.793668107912890 
0.800160391142144 
0.807182848734400 
0.814761601565200 
0.822925995583664 
0.831713555625401 
0.841163747767879 
0.851318058547332 
0.862239854218052 
0.873970404951724 
0.886544922585211 
0.900013952227492 
0.914437911817507 
0.929906833871719 
0.946440231176024 
0.964099221265826 
0.982982780361574 
1.003150353660149 
1.024647961450554 
1.047571471153930 
1.071995042556813 
1.097980950953944 
1.125670533443111 
1.155104547026336 
1.186400362692849 
1.219658756840443 
1.254963431370302 
1.292453898244726 
1.332211021197550 
1.374413031015951 
1.419158677697334 
1.466655426982473 
1.517023694569551 
1.570395163011220 
1.626887254323234 
1.686580933621157 
1.749694025243767 
1.816349013554075 
1.886694368429675 
1.960994824918226 
2.039399815773310 
2.122087169795804 
2.209298776440491 
2.301193173899697 
2.397958567073497 
2.499822458499845 
2.607166079936869 
2.720143043680700 
2.838932340590390 
2.963761083126120 
3.094904786249076 
3.232693861671340 
3.377345156200358 
3.529149899866800 
3.688417224602373 
3.855469038916440 
4.030623845691108 
4.214228375898235 
4.406531616626230 
4.607878879115014 
4.818628439237725 
5.039153354371467 
5.269841363107080 
5.511089179292814 
5.763291879707871 
6.026831712538694 
6.302126500648630 
6.589611193592355 
6.889711622910404 
7.202883984372482 
7.529585585062652 
7.870275461345226 
8.225437202364908 
8.595581222931690 
8.981233929549653 
9.382922297233986 
9.801171481844907 
10.236525211924119 
10.689558629697355 
11.160863121466116 
11.651032276622603 
12.160667319541441 
12.690397931200096 
13.240873692181641 
13.812740343739144 
14.406662591599584 
15.023333602655793 
15.663461126716555 
16.327758988105554 
17.016965818135752 
17.731842362108896 
18.473161803431044 
19.241723788506516 
20.038327217928096 
20.863801174313576 
21.718998385918969 
22.604780712918632 
23.522050403256053 
24.471707088973464 
25.454671823751397 
26.471895817905260 
27.524350291034544 
28.613028493243302 
29.738946544815541 
30.903143873036633 
32.106689428384570 
33.350667485106975 
34.636188110540019 
35.964381826593595 
37.336407048170486 
38.753446374842618 
40.216708910279351 
41.727429540151057 
43.286869875593887 
44.896318410673857 
46.557091047961343 
48.270531477060423 
50.038011619510748 
51.860932059145270 
53.740722488419941 
55.678842162684035 
57.676780359661578 
59.736056797653987 
61.858222130944718 
64.044858204444893 
66.297578611230946 
68.618029215652570 
71.007888781101769 
73.468869452885698 
76.002717391038757 
78.611212796267480 
81.296170198027966 
84.059439283008999 
86.902905533157153 
89.828490783019106 
92.838153759048950 
95.933890617803371 
99.117735487803600 
102.391761016340752 
105.758078921444366 
109.218840548917086 
112.776237434247463 
116.432501869200948 
120.189907472901865 
124.050769767242926 
128.017446756486294 
132.092339510950438 
136.277892754711104 
140.576595457271168 
144.990981429196211 
149.523629921734056 
154.177166230472380 
158.954262303112159 
163.857637351456617 
168.890058467739379 
174.054341245424496 
179.353350404626099 
184.790000422297197 
190.367256167344209 
196.088133540814681 
201.955700121306364 
207.973075815729317 
214.143433515547713 
220.469999758605724 
226.956055396628187 
233.604936268470709 
240.420033879163100 
247.404796084779832 
254.562727783132630 
261.897391610265061 
269.412408642688206 
277.111459105267727 
284.998283084630600 
293.076681247909619 
301.350515566593742 
309.823710045178473 
318.500251454230465 
327.384190067383429 
336.479640401651068 
345.790781960298432 
355.321859977315626 
365.077186162316877 
375.061139444385844 
385.278166713045948 
395.732783554086893 
406.429574977438961 
417.373196133618080 
428.568373014441931 
440.019903132686977 
451.732656174114140 
463.711574613715243 
475.961674286111247 
488.488044897632449 
501.295850464626483 
514.390329658795395 
527.776796035669463 
541.460638116391010 
555.447319285431604 
569.742377457299995 
584.351424453574509 
599.280145019332281 
614.534295424942684 
630.119701395511697 
646.042255312767793 
662.307912443106488 
678.922685885718693 
695.892639825645006 
713.223880509258493 
730.922544107036060 
748.994780237389477 
767.446729302621407 
786.284490764410521 
805.514077741268693 
825.141350209756411 
845.171913310008222 
865.610955851331028 
886.462980049714133 
907.731318347924116 
929.417191416840069 
951.517612572277130 
974.018211955110473 
996.861120722064584 
0.000000000000000 
0.000000000000000 
0.000000000000000 
0.000000000000000 
0.000000000000000 
0.000000000000000 
0.000000000000000 
0.000000000000000 
0.000000000000000 
0.000000000000000 
0.000000000000000 
0.000000000000000 
0.000000000000000 
0.000000000000000 
0.000000000000000 
0.000000000000000 
0.000000000000000 
0.000000000000000 
0.000000000000000 
0.000000000000000 
0.000000000000000 
0.000000000000000 
0.000000000000000 
0.000000000000000 
0.000000000000000 
0.000000000000000 
0.000000000000000 
0.000000000000000 
0.000000000000000 
0.000000000000000 
0.000000000000000 
0.000000000000000 
0.000000000000000 
0.000000000000000 
0.000000000000000 
0.000000000000000 
0.000000000000000 
0.000000000000000 
0.000000000000000 
0.000000000000000 
0.000000000000000 
0.000000000000000 
0.000000000000000 
0.000000000000000 
0.000000000000000 
0.000000000000000 
0.000000000000000 
0.000000000000000 
0.000000000000000 
0.000000000000000 
0.000000000000000 
0.000000000000000 
0.000000000000000 
0.000000000000000 
0.000000000000000 
0.000000000000000 
0.000000000000000 
0.000000000000000 
0.000000000000000 
0.000000000000000 
0.000000000000000 
0.000000000000000 
0.000000000000000 
0.000000000000000 
0.000000000000000 
0.000000000000000 
0.000000000000000 
0.000000000000000 
0.000000000000000 
0.000000000000000 
0.000000000000000 
0.000000000000000 
0.000000000000000 
0.000000000000000 
0.000000000000000 
0.000000000000000 
0.000000000000000 
0.000000000000000 
0.000000000000000 
0.000000000000000 
0.000000000000000 
0.000000000000000 
0.000000000000000 
0.000000000000000 
0.000000000000000 
0.000000000000000 
0.000000000000000 
0.000000000000000 
0.000000000000000 
0.000000000000000 
0.001683650749116 
0.009282258994801 
0.017421848818372 
0.026136268595757 
0.035461357650743 
0.045435043364652 
0.056097527083148 
0.067491577893322 
0.079662004080487 
0.092656534652179 
0.106525785414263 
0.121323668242894 
0.137107489364806 
0.153937158303153 
0.171876624868415 
0.190994117143841 
0.211658801945138 
0.236938034514999 
0.266329271219580 
0.297581817282356 
0.330800581757376 
0.366107777502175 
0.403775110135693 
0.444068011896133 
0.486846511001182 
0.532234856637920 
0.580389054853165 
0.631472447915352 
0.685834820524939 
0.745412860752303 
0.811114681491160 
0.880886822673465 
0.954772342872516 
1.033101233460699 
1.116248587699169 
1.204182807535510 
1.297221969128367 
1.395678970748146 
1.500114542386640 
1.612368729066340 
1.732287787202536 
1.858909187937805 
1.992551166944630 
2.133762391652994 
2.282638820577405 
2.439568442583599 
2.605157012961470 
2.780792366624129 
2.966920729357016 
3.162735504313090 
3.368696810716972 
3.585215866792248 
3.812679102643539 
4.051947167609805 
4.304082166864198 
4.569167580952658 
4.847094822405460 
5.138355587459691 
5.443444832531828 
5.763386255679899 
6.098838563229440 
6.449923906510989 
6.816914255390036 
7.200371022375279 
7.601102281834583 
8.019907536355495 
8.457114350933997 
8.913048771740376 
9.388390798203535 
9.883917297761101 
10.400219689203173 
10.937755904105760 
11.497168497694050 
12.079336881880973 
12.684799623913186 
13.314142436041017 
13.968115429891430 
14.647489361899133 
15.352919336895546 
16.085145456858079 
16.844975241830042 
17.633176608510048 
18.450557554221803 
19.297991380506978 
20.176260905548322 
21.086242041044237 
22.028834218026962 
23.004919792984008 
24.015438454511852 
25.061338875983296 
26.143591680420784 
27.263196842079537 
28.421174045355791 
29.618569612891811 
30.856453626696055 
32.135923590754921 
33.458112704768361 
34.824167188431787 
36.235253312994054 
37.692568691702760 
39.197335387447524 
40.750804276262123 
42.354252987011890 
44.008987530237761 
45.716341970045761 
47.477679131800343 
49.294390822172709 
51.167898292384834 
53.099652610882771 
55.091135088469258 
57.143857698152289 
59.259363507697614 
61.439227119531054 
63.685055104724526 
65.998486435377643 
68.381192932479422 
70.834879751307611 
73.361285882112156 
75.962184744268242 
78.639384533942348 
81.394728598615757 
84.230095971380109 
87.147402030279267 
90.148601616008634 
93.235682489319998 
96.410670833622632 
99.675631719306779 
103.032669419069833 
106.483927863074499 
110.031591154130254 
113.677884111200058 
117.425072828083870 
121.275465241623280 
125.231411706872194 
129.295305577990689 
133.469583794192943 
137.756727470345766 
142.159262491959140 
146.679760114395606 
151.320837566192978 
156.085158656449664 
160.975434386266585 
165.994423564284887 
171.144933426392953 
176.429820259704883 
181.851990030941266 
187.414399019357404 
193.120054454380011 
198.972015158117642 
204.973392192912485 
211.127349514098370 
217.437104628121119 
223.905929256165734 
230.537150003419754 
237.334149034085527 
244.300364752232099 
251.439292488557612 
258.754485193106348 
266.249554133961510 
273.928169601903960 
281.794061620998434 
289.851020665033388 
298.102898379702140 
306.553608310367338 
315.207126635202883 
324.067492903438847 
333.138810778365610 
342.425248784661164 
351.931041059492145 
361.660488106707248 
371.617957553268297 
381.807884906862341 
392.234774313375738 
402.903199312600407 
413.817803590147435 
424.983301723064244 
436.404479916051230 
448.086196724445131 
460.033383759225103 
472.251046368175935 
484.744264285961663 
497.518192244140039 
510.578060530020934 
523.929175480615413 
537.576919894601019 
551.526753341065387 
565.784212338540556 
580.354910371279061 
595.244537701699983 
610.458860934769973 
626.003722257312688 
641.885038261396403 
658.108798243762067 
674.681061834209572 
691.607955754592467 
708.895669438987284 
726.550449142403181 
744.578590011694700 
762.986425357252983 
781.780311993771875 
800.966609915198660 
820.551653548095942 
840.541710021451649 
860.942916524909833 
881.761182153186610 
903.002025350402391 
924.670284201188679 
946.769540714437881 
969.300550666307799 
992.255226686224432 
0.754823855268797 
0.754823855268801 
0.754823855269299 
0.754823855277375 
0.754823855333058 
0.754823855575214 
0.754823856366743 
0.754823858498843 
0.754823863494107 
0.754823874028239 
0.754823894490130 
0.754823931700080 
0.754823995805925 
0.754824101376846 
0.754824268714614 
0.754824525402050 
0.754824908108462 
0.754825464671830 
0.754826256477508 
0.754827361153208 
0.754828875600041 
0.754830919379379 
0.754833638475324 
0.754837209452542 
0.754841844029253 
0.754847794085152 
0.754855357124056 
0.754864882211066 
0.754876776404044 
0.754891511699239 
0.754909632510867 
0.754931763704515 
0.754958619204237 
0.754991011193229 
0.755029859928045 
0.755076204186303 
0.755131212367930 
0.755196194270033 
0.755272613555555 
0.755362100935969 
0.755466468088375 
0.755587722327448 
0.755728082052899 
0.755889992993183 
0.756076145266465 
0.756289491280027 
0.756533264489567 
0.756810999040136 
0.757126550310797 
0.757484116385459 
0.757888260472775 
0.758343934298488 
0.758856502494135 
0.759431768006662 
0.760075998554143 
0.760795954153618 
0.761598915747837 
0.762492714958680 
0.763485764996021 
0.764587092751911 
0.765806372111187 
0.767153958510914 
0.768640924782482 
0.770279098311702 
0.772081099553847 
0.774060381942301 
0.776231273231253 
0.778609018314739 
0.781209823566247 
0.784050902745066 
0.787150524517483 
0.790528061642930 
0.794204041876995 
0.798200200645057 
0.802540156953952 
0.807254954346426 
0.812363588750714 
0.817893232895974 
0.823872561066703 
0.830331813639804 
0.837302863794328 
0.844819286450195 
0.852916429489893 
0.861654047808524 
0.871061371870960 
0.881169456791816 
0.892021661801553 
0.903663518929747 
0.916152016641688 
0.929549355297711 
0.943888860597374 
0.959225742820806 
0.975632740562078 
0.993208231637574 
1.011967215430920 
1.031976242949910 
1.053354984771342 
1.076136782742893 
1.100390308679670 
1.126245498090710 
1.153739446130583 
1.182984728857028 
1.214089130242636 
1.247110556772019 
1.282211555499782 
1.319429624273738 
1.358954278080521 
1.400826304630182 
1.445275981840815 
1.492325837623912 
1.542310449524223 
1.595208922445716 
1.651302832771384 
1.710619359956462 
1.773290287244773 
1.839524219689389 
1.909420584015063 
1.983178167464346 
2.061046292576943 
2.143160862616854 
2.229736473358308 
2.321027317829047 
2.417153375687021 
2.518335408783286 
2.624828693716487 
2.737007809057832 
2.855003712639850 
2.979034433370304 
3.109323452425753 
3.246192008815943 
3.389909892047998 
3.540729557627070 
3.698957907658820 
3.864912772634913 
4.038907855676812 
4.221312160640420 
4.412437266080172 
4.612556833119228 
4.822021937882345 
5.041202208836497 
5.270479980403310 
5.510253194094367 
5.760936097990786 
6.022942471741863 
6.296670952225401 
6.582515527862546 
6.880900885795267 
7.192288892949747 
7.517160186739705 
7.855989176083655 
8.209245555352787 
8.577416217633916 
8.961016920619272 
9.360587870928716 
9.776680636395611 
10.209843752137774 
10.660626639661034 
11.129605090932408 
11.617385744598907 
12.124587219306262 
12.651828466004247 
13.199739883583806 
13.768982635929056 
14.360246339056570 
14.974203646268233 
15.611546245715740 
16.273001569656913 
16.959318081136193 
17.671263400267055 
18.409590691809509 
19.175092600617880 
19.968576312809628 
20.790869708833718 
21.642826947215543 
22.525303367714979 
23.439188001347443 
24.385388645685978 
25.364827129957376 
26.378451277936794 
27.427230241389054 
28.512154638836833 
29.634238066820430 
30.794516871731808 
31.994052564598956 
33.233928895706455 
34.515253422347143 
35.839158585933113 
37.206800545163190 
38.619359432348254 
40.078040896652738 
41.584076401045408 
43.138723889217395 
44.743268131894283 
46.399021206738624 
48.107322902884633 
49.869541162040917 
51.687072508543636 
53.561342491268576 
55.493806129733052 
57.485948367438539 
59.539284521522859 
61.655360745471242 
63.835754455434412 
66.082074783558184 
68.395963052964419 
70.779093299742826 
73.233172785669240 
75.759942523993914 
78.361177702016718 
81.038688069752908 
83.794318443025617 
86.629949320190804 
89.547497337832169 
92.548916057216388 
95.636196076886336 
98.811365671275382 
102.076491468923464 
105.433679046677469 
108.885073497009614 
112.432859990999219 
116.079264343613275 
119.826553583223301 
123.677036525827504 
127.633064353983286 
131.697031200320936 
135.871374735482703 
140.158576760350002 
144.561163802452029 
149.081707716481276 
153.722826288879446 
158.487183846493565 
163.377491869330754 
168.396509607473547 
173.547044702242232 
178.831953811712026 
184.254143240710221 
189.816569575433022 
195.522240322827400 
201.374214554888056 
207.375603558019463 
213.529571487606688 
219.839336027933598 
226.308169057572172 
232.939397320356306 
239.736403102034643 
246.702624912679909 
253.841558174912166 
261.156755917969463 
268.651829477635829 
276.330449202011607 
284.196345163075762 
292.253307873963479 
300.505189011834659 
308.955902146171866 
317.609423472287915 
326.469792549757983 
335.541113045418228 
344.827553480472488 
354.333347981136967 
364.062797032105550 
374.020268231946488 
384.210197049322574 
394.637087578657031 
405.305513293540912 
416.220117795767635 
427.385615557380675 
438.806792652495801 
450.488507474903031 
462.435691436505806 
474.653349640491911 
487.146561521694366 
499.920481444816460 
512.980339248986752 
526.331440724344361 
539.979168002916822 
553.928979841716682 
568.186411770527457 
582.757076070077801 
597.646661538346393 
612.860933001089279 
628.405730476928511 
644.286967910845647 
660.510631361846322 
677.082776489185790 
694.009525128259384 
711.297060671676832 
728.951621860727869 
746.979494427491431 
765.386999774419223 
784.180479477186736 
803.366273739849362 
822.950690813304504 
842.939962397120325 
863.340176307374577 
884.157170221804563 
905.396354172330689 
927.062390730835659 
949.158549718853010 
971.684872041684685 
994.630927850070520 
0.000000000000000 
0.000000000000000 
0.000000000000000 
0.000000000000000 
0.000000000000000 
0.000000000000000 
0.000000000000000 
0.000000000000000 
0.000000000000000 
0.000000000000000 
0.000000000000000 
0.000000000000000 
0.000000000000000 
0.000000000000000 
0.000000000000000 
0.000000000000000 
0.000000000000000 
0.000000000000000 
0.000000000000000 
0.000000000000000 
0.000000000000000 
0.000000000000000 
0.000000000000000 
0.000000000000000 
0.000000000000000 
0.000000000000000 
0.000000000000000 
0.000000000000000 
0.000000000000000 
0.000000000000000 
0.000000000000000 
0.000000000000000 
0.000000000000000 
0.000000000000000 
0.000000000000000 
0.000000000000000 
0.000000000000000 
0.000000000000000 
0.000000000000000 
0.000000000000000 
0.000000000000000 
0.000000000000000 
0.000000000000000 
0.000000000000000 
0.000000000000000 
0.000000000000000 
0.000000000000000 
0.000000000000000 
0.000000000000000 
0.000000000000000 
0.000000000000000 
0.000000000000000 
0.000000000000000 
0.000000000000000 
0.000000000000000 
0.000000000000000 
0.000000000000000 
0.000000000000000 
0.000000000000000 
0.000000000000000 
0.000000000000000 
0.000000000000000 
0.000000000000000 
0.000000000000000 
0.000000000000000 
0.000000000000000 
0.000000000000000 
0.000000000000000 
0.000000000000000 
0.000000000000000 
0.000000000000000 
0.000000000000000 
0.000000000000000 
0.000000000000000 
0.000000000000000 
0.000000000000000 
0.000000000000000 
0.000000000000000 
0.000000000000000 
0.000000000000000 
0.000000000000000 
0.000000000000000 
0.000000000000000 
0.000000000000000 
0.000000000000000 
0.000000000000000 
0.000000000000000 
0.000000000000000 
0.000000000000000 
0.000000000000000 
0.000000000000000 
0.000000000000000 
0.000000000000000 
0.000000000000000 
0.000000000000000 
0.003691794702278 
0.013583318393304 
0.024199896218772 
0.035592631289743 
0.047817151685342 
0.060932002016657 
0.075000554555179 
0.090091217677756 
0.106279159019954 
0.123642036685881 
0.142265251906692 
0.162242396669732 
0.184021152377114 
0.208296541841560 
0.234436819723523 
0.262486699054787 
0.292589801045435 
0.326169054820198 
0.366622720320209 
0.410141789894334 
0.456619695923933 
0.506244449557524 
0.559227413224051 
0.616423073175226 
0.677966450092842 
0.743699928412001 
0.814302119998216 
0.889710449327195 
0.970004644311446 
1.056673437331387 
1.150605577326400 
1.250677006548438 
1.357517872621795 
1.471008406957657 
1.591645655755324 
1.719665992539337 
1.855307589995705 
1.998821023396292 
2.151394191667810 
2.313344819201439 
2.484528122384497 
2.665266558906898 
2.855797046644236 
3.056394425057486 
3.267452144951476 
3.490024534347046 
3.724106022845310 
3.969911822720823 
4.227768137378692 
4.498187825429445 
4.781635504565951 
5.078599180817125 
5.389362530533785 
5.714315217854246 
6.054082274219613 
6.409076454472549 
6.779735589073354 
7.166511167664263 
7.569936079013029 
7.990536763685020 
8.428913581272532 
8.885518856951947 
9.360917069955018 
9.855703057041174 
10.370459466654166 
10.905782793839228 
11.462308773869076 
12.040692817881244 
12.641615118655427 
13.265714033420318 
13.913692263191654 
14.586262547334346 
15.284147968273981 
16.008101277857584 
16.758890349151152 
17.537302671181063 
18.344146462077010 
19.180250049768450 
20.046476962985771 
20.943692035868015 
21.872778817953218 
22.834648905637405 
23.830232513998759 
24.860485437633368 
25.926384875458936 
27.028932078348696 
28.169150749632429 
29.348088280971496 
30.566815939299211 
31.826429249739881 
33.128048251352347 
34.472817897436144 
35.861908436613021 
37.296515876592402 
38.777862356341203 
40.307196571487168 
41.885799531960885 
43.514971321624152 
45.196040186341435 
46.930364464316597 
48.719330989964604 
50.564355829026866 
52.466884713427888 
54.428393423055034 
56.450388197964912 
58.534406107913313 
60.682015313931558 
62.894815676603017 
65.174439232333285 
67.522550754214365 
69.940848277146216 
72.431063592975093 
74.994962734166137 
77.634346464696719 
80.351050786454422 
83.146947462439812 
86.023944551893237 
88.983986950000414 
92.029056930008664 
95.161174687797242 
98.382398889350299 
101.694827221514373 
105.100596946298850 
108.601885458883686 
112.200910849442181 
115.899932468855894 
119.701251498386227 
123.607211523368491 
127.620199111000247 
131.742644392305323 
135.977021648368009 
140.325849900937754 
144.791693507515504 
149.377162761032253 
154.084914494230929 
158.917652688858198 
163.878129089759625 
168.969143823956813 
174.193546024769716 
179.554234461011617 
185.054158171265101 
190.696317103201352 
196.483762757869385 
202.419598838829302 
208.506981913567074 
214.749122059265517 
221.149283501493755 
227.710785333269939 
234.437002158207548 
241.331364761723080 
248.397360783800309 
255.638535392244819 
263.058491955171405 
270.660892711200063 
278.449459434826963 
286.427974091085844 
294.600279500650288 
302.970279973142283 
311.541941920924614 
320.319294464349127 
329.306430005729510 
338.507504769721550 
347.926739301969292 
357.568418916288351 
367.436894078780142 
377.536580715044806 
387.871960424019505 
398.447580578836664 
409.268054291371357 
420.338060212712776 
431.662342136505686 
443.245708365758503 
455.093030796084690 
467.209243659095819 
479.599341858398191 
492.268378816806546 
505.221463736227633 
518.463758150208491 
532.000471621968245 
545.836856405983099 
559.978200846071331 
574.429821222795340 
589.197051674292766 
604.285231749265790 
619.699691024019103 
635.445729681116859 
651.528594361785849 
667.953447537183138 
684.725328358506317 
701.849102016270876 
719.329393307972168 
737.170498043149564 
755.376262603561827 
773.949916510459047 
792.893833498042341 
812.209179907090402 
831.895377968126809 
851.949249602684176 
872.363574977211670 
893.124497719339388 
914.206440990166470 
935.561000117497429 
957.089002800051730 
978.557432169625599 
999.359335299703957 
0.627027200248437 
0.627027200248441 
0.627027200248954 
0.627027200257280 
0.627027200314681 
0.627027200564314 
0.627027201380284 
0.627027203578213 
0.627027208727711 
0.627027219587094 
0.627027240680764 
0.627027279039606 
0.627027345124779 
0.627027453955301 
0.627027626459780 
0.627027891072683 
0.627028285595520 
0.627028859343318 
0.627029675596773 
0.627030814380445 
0.627032375587392 
0.627034482470625 
0.627037285521754 
0.627040966757238 
0.627045744432610 
0.627051878205101 
0.627059674765043 
0.627069493956501 
0.627081755407540 
0.627096945690600 
0.627115626033437 
0.627138440601142 
0.627166125369764 
0.627199517612137 
0.627239566016511 
0.627287341458722 
0.627344048448641 
0.627411037271795 
0.627489816847121 
0.627582068321969 
0.627689659425626 
0.627814659602794 
0.627959355948701 
0.628126269967745 
0.628318175177870 
0.628538115583219 
0.628789425037962 
0.629075747524662 
0.629401058371027 
0.629769686429460 
0.630186337244466 
0.630656117233678 
0.631184558909085 
0.631777647165936 
0.632441846667759 
0.633184130357100 
0.634012009122704 
0.634933562655266 
0.635957471525255 
0.637093050517871 
0.638350283261905 
0.639739858190977 
0.641273205877565 
0.642962537782152 
0.644820886461913 
0.646862147285416 
0.649101121701945 
0.651553562116183 
0.654236218421018 
0.657166886243217 
0.660368469245883 
0.663860929262885 
0.667662258280715 
0.671795000745586 
0.676283018060938 
0.681151548379660 
0.686427268519210 
0.692138358056848 
0.698314565659445 
0.704991112721806 
0.712216424863503 
0.720007905828779 
0.728402383805397 
0.737438625722139 
0.747157417789811 
0.757622335391392 
0.768875409194090 
0.780948659459086 
0.793891881142381 
0.807770465778903 
0.822647615909838 
0.838561274507783 
0.855571709916921 
0.873792620410322 
0.893242751094962 
0.913995074561038 
0.936159848946309 
0.959773549645642 
0.984969069823590 
1.011829523253178 
1.040428664519322 
1.070977050243289 
1.103423019590482 
1.137938748116603 
1.174559678351294 
1.213488496322211 
1.254765753534185 
1.298584311232401 
1.345010484133485 
1.394178414682467 
1.446276589494262 
1.501391375220643 
1.559749667968584 
1.621456442092541 
1.686647563262914 
1.755549716930835 
1.828297139802687 
1.905054777317894 
1.986039243662971 
2.071495057338728 
2.161579120208900 
2.256491155336885 
2.356432959674943 
2.461676894774325 
2.572406007741134 
2.688851049592726 
2.811252744819575 
2.939867091973738 
3.075004203747715 
3.216890388225764 
3.365816637929238 
3.522070370926821 
3.685941643749426 
3.857731478036931 
4.037752288216296 
4.226337089245813 
4.423817906790330 
4.630522478051914 
4.846813013762665 
5.073047471638415 
5.309594782136893 
5.556838700051677 
5.815176642769206 
6.085018749979849 
6.366783656046795 
6.660898763960300 
6.967802200648654 
7.287947752894775 
7.621805428012141 
7.969840756351939 
8.332532514215789 
8.710382209891860 
9.103905592784129 
9.513631342339114 
9.940100613877419 
10.383866757154017 
10.845499109446502 
11.325581916334777 
11.824713310699691 
12.343506668977941 
12.882591448197374 
13.442612656719074 
14.024230559151878 
14.628120603727700 
15.254975219714701 
15.905504317348637 
16.580434511081123 
17.280509944472122 
18.006492993596090 
18.759164478938253 
19.539323859649549 
20.347789846387080 
21.185400781302484 
22.053014392787937 
22.951507732109739 
23.881778285346773 
24.844744813935613 
25.841347281921635 
26.872547329051660 
27.939328233512089 
29.042695624697952 
30.183678021874812 
31.363326993923152 
32.582717589873816 
33.842948603983849 
35.145143133998147 
36.490448987366712 
37.880039138268536 
39.315112086744740 
40.796892301957456 
42.326630641573217 
43.905604655691732 
45.535118808048125 
47.216505140207140 
48.951123738566395 
50.740363293654354 
52.585641511815979 
54.488405527529707 
56.450132313348817 
58.472329065547939 
60.556533617346020 
62.704314964235834 
64.917273761435737 
67.197042906881293 
69.545288031974565 
71.963707980765022 
74.454035287306169 
77.018036666319119 
79.657513520631596 
82.374302462683374 
85.170275848290729 
88.047342311904998 
91.007447303576527 
94.052573628577960 
97.184741990282191 
100.406011536630842 
103.718480410381375 
107.124286303238080 
110.625607013931273 
114.224661010288173 
117.923707995335405 
121.725049477475253 
125.631029344788402 
129.644034443525015 
133.766495160858085 
138.000886011984647 
142.349726231664761 
146.815580370297624 
151.401058894631490 
156.108818793202971 
160.941564186595969 
165.902046942595121 
170.993067296296573 
176.217474475218324 
181.578167329421404 
187.078094966631284 
192.720257392303608 
198.507706154542888 
204.443544993731962 
210.530930496457074 
216.773072753420649 
223.173236022267105 
229.734739394037263 
236.460957460708499 
243.355320985740235 
250.421317575860371 
257.662492353013818 
265.082448625178245 
272.684848554505209 
280.473413821030363 
288.451926280553153 
296.624228612533614 
304.994224951549938 
313.565881503221419 
322.343227139588464 
331.330353965631843 
340.531417850874163 
349.950638917708261 
359.592301976479689 
369.460756895435964 
379.560418891377196 
389.895768724155971 
400.471352774971706 
411.291782984605049 
422.361736623212209 
433.685955857890519 
445.269247077738555 
457.116479928322406 
469.232585997979754 
481.622557086833240 
494.291442975153700 
507.244348590044922 
520.486430447272596 
534.022892216968785 
547.858979225941653 
561.999971662563894 
576.451176188870136 
591.217915583411923 
606.305515929186640 
621.719290672648640 
637.464520710727925 
653.546429424957182 
669.970151013999157 
686.740689942449421 
703.862868372998491 
721.341257028185623 
739.180082707252154 
757.383102111871267 
775.953425700793559 
794.893265061420038 
814.203558862837440 
833.883397558248589 
853.929096814173135 
874.332617879584745 
895.078674506988818 
916.138918206241669 
937.458690640951886 
958.920907239488656 
980.215020689536914 
1000.000000000000000 
0.000000000000000 
0.000000000000000 
0.000000000000000 
0.000000000000000 
0.000000000000000 
0.000000000000000 
0.000000000000000 
0.000000000000000 
0.000000000000000 
0.000000000000000 
0.000000000000000 
0.000000000000000 
0.000000000000000 
0.000000000000000 
0.000000000000000 
0.000000000000000 
0.000000000000000 
0.000000000000000 
0.000000000000000 
0.000000000000000 
0.000000000000000 
0.000000000000000 
0.000000000000000 
0.000000000000000 
0.000000000000000 
0.000000000000000 
0.000000000000000 
0.000000000000000 
0.000000000000000 
0.000000000000000 
0.000000000000000 
0.000000000000000 
0.000000000000000 
0.000000000000000 
0.000000000000000 
0.000000000000000 
0.000000000000000 
0.000000000000000 
0.000000000000000 
0.000000000000000 
0.000000000000000 
0.000000000000000 
0.000000000000000 
0.000000000000000 
0.000000000000000 
0.000000000000000 
0.000000000000000 
0.000000000000000 
0.000000000000000 
0.000000000000000 
0.000000000000000 
0.000000000000000 
0.000000000000000 
0.000000000000000 
0.000000000000000 
0.000000000000000 
0.000000000000000 
0.000000000000000 
0.000000000000000 
0.000000000000000 
0.000000000000000 
0.000000000000000 
0.000000000000000 
0.000000000000000 
0.000000000000000 
0.000000000000000 
0.000000000000000 
0.000000000000000 
0.000000000000000 
0.000000000000000 
0.000000000000000 
0.000000000000000 
0.000000000000000 
0.000000000000000 
0.000000000000000 
0.000000000000000 
0.000000000000000 
0.000000000000000 
0.000000000000000 
0.000000000000000 
0.000000000000000 
0.000000000000000 
0.000000000000000 
0.000000000000000 
0.000000000000000 
0.000000000000000 
0.000000000000000 
0.000000000000000 
0.000000000000000 
0.000000000000000 
0.000000000000000 
0.000000000000000 
0.000000000000000 
0.000000000000000 
0.000000000000000 
0.000000000000000 
0.002282263968611 
0.012711849317643 
0.023896790989833 
0.035889073399869 
0.048744951377521 
0.062525047095065 
0.077294925002389 
0.093123641237146 
0.110086159827372 
0.128264485227562 
0.147744910346532 
0.168620118689506 
0.190992808915229 
0.216193361819218 
0.243429234627796 
0.272635072278711 
0.303943499263377 
0.337890827963365 
0.378223139618334 
0.423463189895417 
0.471714968487982 
0.523198246480925 
0.578102806321152 
0.636918582912918 
0.700420366926183 
0.768331926635085 
0.841005888039223 
0.918851849430295 
1.001827930738882 
1.090188568700394 
1.186149787553491 
1.289278695152363 
1.399019351274006 
1.515934618116586 
1.640068185414035 
1.771728124793382 
1.911362992078422 
2.059203277164466 
2.215426141940301 
2.381439230723201 
2.557555386726563 
2.743431082132195 
2.939345526221249 
3.145812831857985 
3.363042236682996 
3.591445379998529 
3.831888647809102 
4.084884521752971 
4.350270215209938 
4.628464162666610 
4.919901431995159 
5.225262655904338 
5.545059342450899 
5.879574661372025 
6.229151255599799 
6.594292553547456 
6.975688243300615 
7.373805882879815 
7.789009051221399 
8.221828642882258 
8.672873508750879 
9.142708428176038 
9.631875958881091 
10.141019862254284 
10.670694793021019 
11.221516581659522 
11.794130681560329 
12.389191876882274 
13.007363740169646 
13.649340081974966 
14.315835714869195 
15.007619284322871 
15.725385046713644 
16.469906151542350 
17.241971695950070 
18.042370733195447 
18.871931182239482 
19.731492994886231 
20.621917965605736 
21.544090848819540 
22.498916024149924 
23.487321123656422 
24.510264401904895 
25.568721768408270 
26.663675214917596 
27.796144040702458 
28.967163121857929 
30.177797105935603 
31.429132507495240 
32.722282151379360 
34.058382395197413 
35.438595116832886 
36.864107597241393 
38.336133368897698 
39.855912414583258 
41.424711638603277 
43.043825236880338 
44.714575106090990 
46.438311253773023 
48.216412217148118 
50.050285494460752 
51.941367989799204 
53.891126478602487 
55.901063090925270 
57.972702180832528 
60.107601168418363 
62.307350305944190 
64.573571418664159 
66.907918894894564 
69.312080308476254 
71.787776940964079 
74.336764192438864 
76.960831982875092 
79.661805246414787 
82.441544406428733 
85.301945917178543 
88.244942817092721 
91.272505279863765 
94.386641164073069 
97.589396563639752 
100.882856360649441 
104.269144781403938 
107.750425956101736 
111.328904482332021 
115.006825992449677 
118.786477724845440 
122.670189099104164 
126.660332295047255 
130.759322835667092 
134.969620173982889 
139.293728283869967 
143.734196254941622 
148.293618891580451 
152.974637316242593 
157.779939577169245 
162.712261260654685 
167.774386108026476 
172.969146637497204 
178.299424771043334 
183.768152466464500 
189.378312354762926 
195.132938382975226 
201.035116462567942 
207.087985123494860 
213.294736173991595 
219.658615366161769 
226.182923067385673 
232.871014937554889 
239.726302612108725 
246.752254390816859 
253.952395932213676 
261.330310953550793 
268.889641936086150 
276.634090835464860 
284.567419796881666 
292.693451874628408 
301.016071755519533 
309.539226485568520 
318.266926199117847 
327.203244849434896 
336.352320939534138 
345.718358251682673 
355.305626573674999 
365.118462419483706 
375.161269741326919 
385.438520629469281 
395.954755995193977 
406.714586231289445 
417.722691843041162 
428.983824041043135 
440.502805285073919 
452.284529765691445 
464.333963807008558 
476.656146170073384 
489.256188231261774 
502.139274003714036 
515.310659961777219 
528.775674618067569 
542.539717789412748 
556.608259470456346 
570.986838210475298 
585.681058795815602 
600.696586745916193 
616.039151058413381 
631.714532533407919 
647.728558415389443 
664.087092802353141 
680.796023846639628 
697.861246553821616 
715.288639415948523 
733.084032219516985 
751.253160908968198 
769.801602929476758 
788.734682181577568 
808.057324900132926 
827.773832794719056 
847.887509379719063 
868.400009196561086 
889.310122678350353 
910.611297261701111 
932.285971605053192 
954.290617152613549 
976.497266707139488 
998.377878708046410 
0.653339633754663 
0.653339633754667 
0.653339633755171 
0.653339633763353 
0.653339633819767 
0.653339634065105 
0.653339634867034 
0.653339637027145 
0.653339642088038 
0.653339652760571 
0.653339673491297 
0.653339711190121 
0.653339776138206 
0.653339883096149 
0.653340052632449 
0.653340312692320 
0.653340700426845 
0.653341264302519 
0.653342066511205 
0.653343185700530 
0.653344720044760 
0.653346790676169 
0.653349545496959 
0.653353163391758 
0.653357858860733 
0.653363887093390 
0.653371549503087 
0.653381199742364 
0.653393250219143 
0.653408179133919 
0.653426538058056 
0.653448960073339 
0.653476168492983 
0.653508986184301 
0.653548345513354 
0.653595298931891 
0.653651030227032 
0.653716866454207 
0.653794290573972 
0.653884954813482 
0.653990694773533 
0.654113544302273 
0.654255751156909 
0.654419793474990 
0.654608397077096 
0.654824553623172 
0.655071539645053 
0.655352936478225 
0.655672651116343 
0.656034938012596 
0.656444421852671 
0.656906121324774 
0.657425473912992 
0.658008361741184 
0.658661383510181 
0.659394243240183 
0.660211609531703 
0.661121458866429 
0.662132360826203 
0.663253510975883 
0.664494765019198 
0.665866674265122 
0.667380522444129 
0.669048363915596 
0.670883063309681 
0.672898336649059 
0.675108793998024 
0.677529983688650 
0.680178438175779 
0.683071721574680 
0.686228478937185 
0.689668487323788 
0.693412708730773 
0.697483344932528 
0.701903894299954 
0.706705261836117 
0.711912401426962 
0.717549188974948 
0.723644973022481 
0.730230716827987 
0.737339068303582 
0.745004432312948 
0.753267925272461 
0.762184027963237 
0.771773578751917 
0.782078895258492 
0.793144455019478 
0.805027589737466 
0.817803207192465 
0.831488969876510 
0.846138956106284 
0.861830253126424 
0.878636507445283 
0.896588627309580 
0.915760573203041 
0.936251856821848 
0.958096744782626 
0.981391711137591 
1.006227150411103 
1.032653717856735 
1.060835796076676 
1.090793883809523 
1.122734263122144 
1.156697808350992 
1.192814457306300 
1.231166193549817 
1.271874688696165 
1.315024043014576 
1.360817657886944 
1.409299459444867 
1.460694181975624 
1.515075693455278 
1.572608196724117 
1.633477334768015 
1.697777465245415 
1.765702015333876 
1.837461818484342 
1.913199000114195 
1.993113057867213 
2.077441031123745 
2.166298870777080 
2.259911302989488 
2.358520884723407 
2.462420939077129 
2.571751464840402 
2.686738086464645 
2.807615687166001 
2.934638016748214 
3.068114568575973 
3.208267047773041 
3.355379781580397 
3.509739339215831 
3.671647460127911 
3.841427844043576 
4.019378636537067 
4.205821731990161 
4.401057110236605 
4.605433288128466 
4.819304718734390 
5.043038079583725 
5.277011698114235 
5.521610123559817 
5.777221991252439 
6.044247029087437 
6.323107979614438 
6.614239490002480 
6.918082792476607 
7.235062763217929 
7.565637680956513 
7.910283219744964 
8.269490370076896 
8.643761690275886 
9.033607696320871 
9.439551980781182 
9.862136197383510 
10.301917172930180 
10.759463575467752 
11.235357601451167 
11.730196483139167 
12.244591410716163 
12.779168405798151 
13.334570147814368 
13.911455157258318 
14.510498004373307 
15.132390601348973 
15.777842069731843 
16.447578291334683 
17.142340972918483 
17.862887061100587 
18.609995172366208 
19.384460675248842 
20.187096590847538 
21.018737333489351 
21.880236007670675 
22.772465694644126 
23.696320301468042 
24.652713426744853 
25.642580631651938 
26.666879657934363 
27.726588853589931 
28.822706455325410 
29.956255553630804 
31.128281356946502 
32.339853546882622 
33.592063989635619 
34.886028798741940 
36.222888174868778 
37.603807927069226 
39.029979033654172 
40.502618434127008 
42.022969224107477 
43.592301177355907 
45.211911116104559 
46.883123360116798 
48.607290153058500 
50.385792111329529 
52.220038682935638 
54.111468629462394 
56.061550544992336 
58.071783321118701 
60.143695845767525 
62.278848095482289 
64.478831074522802 
66.745267888194292 
69.079814258887609 
71.484159021509427 
73.960024542849212 
76.509167142414796 
79.133377577333064 
81.834481518155130 
84.614340109922864 
87.474850524906529 
90.417946507502606 
93.445598917523981 
96.559816275060015 
99.762645308351296 
103.056171505319114 
106.442519669019816 
109.923854477120614 
113.502381045413387 
117.180345495351460 
120.960035525580153 
124.843780987441761 
128.833954464446947 
132.932971855724588 
137.143292963484953 
141.467422084552737 
145.907908606049489 
150.467347605321009 
155.148380454228430 
159.953695427926249 
164.886028318267051 
169.948163051973324 
175.142932313720962 
180.473218174273597 
185.941952723803922 
191.552118710527196 
197.306750184761796 
203.208933148515314 
209.261806210680817 
215.468561247906507 
221.832444071184625 
228.356755098178439 
235.044850031286245 
241.900140541407893 
248.926094957352973 
256.126238960787759 
263.504156286579928 
271.063489428350692 
278.807940348976047 
286.741271195715740 
294.867305019552759 
303.189926498215414 
311.713082662227009 
320.440783623148661 
329.377103302983755 
338.526180163450249 
347.892217933510096 
357.479486333156274 
367.292321790964650 
377.335128152324387 
387.612377374512107 
398.128610203860717 
408.888436829139323 
419.896537503857132 
431.157663128467334 
442.676635781296568 
454.458349184348549 
466.507769086799613 
478.829933544833125 
491.429953071226123 
504.313010621474689 
517.484361374834748 
530.949332257841320 
544.713321143896451 
558.781795644148133 
573.160291380256240 
587.854409596325468 
602.869813988289934 
618.212226674983754 
633.887422062912947 
649.901219437933037 
666.259472915925926 
682.968058020551098 
700.032853612855433 
717.459717284006729 
735.254451348695511 
753.422754979658748 
771.970155314727776 
790.901905593386346 
810.222829583089151 
829.937074478155978 
850.047699167674637 
870.555946131832570 
891.459852829942292 
912.751328835130494 
934.409126120595602 
956.378437342108555 
978.493980585391910 
1000.000000000000000 
0.000000000000000 
0.000000000000000 
0.000000000000000 
0.000000000000000 
0.000000000000000 
0.000000000000000 
0.000000000000000 
0.000000000000000 
0.000000000000000 
0.000000000000000 
0.000000000000000 
0.000000000000000 
0.000000000000000 
0.000000000000000 
0.000000000000000 
0.000000000000000 
0.000000000000000 
0.000000000000000 
0.000000000000000 
0.000000000000000 
0.000000000000000 
0.000000000000000 
0.000000000000000 
0.000000000000000 
0.000000000000000 
0.000000000000000 
0.000000000000000 
0.000000000000000 
0.000000000000000 
0.000000000000000 
0.000000000000000 
0.000000000000000 
0.000000000000000 
0.000000000000000 
0.000000000000000 
0.000000000000000 
0.000000000000000 
0.000000000000000 
0.000000000000000 
0.000000000000000 
0.000000000000000 
0.000000000000000 
0.000000000000000 
0.000000000000000 
0.000000000000000 
0.000000000000000 
0.000000000000000 
0.000000000000000 
0.000000000000000 
0.000000000000000 
0.000000000000000 
0.000000000000000 
0.000000000000000 
0.000000000000000 
0.000000000000000 
0.000000000000000 
0.000000000000000 
0.000000000000000 
0.000000000000000 
0.000000000000000 
0.000000000000000 
0.000000000000000 
0.000000000000000 
0.000000000000000 
0.000000000000000 
0.000000000000000 
0.000000000000000 
0.000000000000000 
0.000000000000000 
0.000000000000000 
0.000000000000000 
0.000000000000000 
0.000000000000000 
0.000000000000000 
0.000000000000000 
0.000000000000000 
0.000000000000000 
0.000000000000000 
0.000000000000000 
0.000000000000000 
0.000000000000000 
0.000000000000000 
0.000000000000000 
0.000000000000000 
0.000000000000000 
0.000000000000000 
0.000000000000000 
0.000000000000000 
0.000000000000000 
0.000000000000000 
0.000000000000000 
0.000000000000000 
0.000000000000000 
0.000000000000000 
0.000000000000000 
0.000000000000000 
0.000000000000000 
0.002982920841707 
0.014019974707389 
0.025847276648078 
0.038520537139193 
0.052097030400842 
0.066639052885626 
0.082213641422655 
0.098894178732430 
0.116757019060741 
0.135885077977248 
0.156369027117565 
0.178304397422960 
0.201794293210485 
0.228100119831695 
0.256656618512446 
0.287254647484468 
0.320036519165806 
0.355313352034950 
0.396731926067116 
0.444020403954139 
0.494433281368598 
0.548174232001834 
0.605459293860411 
0.666607938104094 
0.732665369588403 
0.803364328646926 
0.878858179763245 
0.959770326307721 
1.046015491965392 
1.137780124024177 
1.236539799755122 
1.343562633135152 
1.457319174327019 
1.578428766525811 
1.707057268808294 
1.843550942613271 
1.988050521077718 
2.141211214446080 
2.303050339476473 
2.474247335700068 
2.656273549549974 
2.848620989858205 
3.051317661339236 
3.264735026941299 
3.489398619159830 
3.725615885002332 
3.973892233794663 
4.235074521223522 
4.509433914384568 
4.796975042995128 
5.098151396024025 
5.413483681676089 
5.743623582500440 
6.089177455886647 
6.450320508101628 
6.827445846982371 
7.221130729861024 
7.631987469381102 
8.060701725692278 
8.507525325670553 
8.973037424285405 
9.457877615938013 
9.962660359898436 
10.487912605078552 
11.034299253423466 
11.602506436381049 
12.193112173457328 
12.806779066750300 
13.444228414844744 
14.106147940089830 
14.793245452982276 
15.506280534900338 
16.246007566636550 
17.013246106928584 
17.808766748014563 
18.633381647610598 
19.487943027650950 
20.373295062795876 
21.290321090912737 
22.239922530196626 
23.223021212205726 
24.240562473175892 
25.293509414390584 
26.382851150318213 
27.509598145795636 
28.674791905316489 
29.879500344713765 
31.124791784268055 
32.411781178775314 
33.741595770622567 
35.115393081015192 
36.534351602741921 
37.999679143937023 
39.512608552604100 
41.074400491197146 
42.686342583008546 
44.349750335247464 
46.065967293235204 
47.836365529777417 
49.662346022270832 
51.545339082522673 
53.486804783101221 
55.488233398672136 
57.551145857748750 
59.677094180284158 
61.867661942133438 
64.124464669098359 
66.449150269031094 
68.843401078985536 
71.308932885577491 
73.847491358602795 
76.460858608724280 
79.150851952376485 
81.919323834024766 
84.768162516721844 
87.699292689577192 
90.714676032772360 
93.816311765438897 
97.006237189996909 
100.286528238919402 
103.659300026121400 
107.126707403573221 
110.690945523128391 
114.354250403356303 
118.118899501127117 
121.987212287709227 
125.961550829174499 
130.044320370945542 
134.237969926361956 
138.544992869183801 
142.967927529993290 
147.509357796494328 
152.171913717747088 
156.958272112408054 
161.871157181077166 
166.913341122875693 
172.087644756402966 
177.396938145227693 
182.844141228086954 
188.432224453960430 
194.164209422194489 
200.043169527838700 
206.072230612351262 
212.254571619815977 
218.593425258794809 
225.092078669924319 
231.753874099343648 
238.582209578016602 
245.580539606990214 
252.752375848601844 
260.101287823624773 
267.630903614307613 
275.344910573231346 
283.247056037868674 
291.341148050690492 
299.631056084607053 
308.120711773475534 
316.814109647328678 
325.715307871890957 
334.828428991837200 
344.157660677109959 
353.707256471448034 
363.481536542068909 
373.484888429183229 
383.721767793714037 
394.196699161185222 
404.914276659269376 
415.879164745869844 
427.096098923887439 
438.569886437884406 
450.305406946745507 
462.307613165022872 
474.581531463923397 
487.132262420750806 
499.964981302941965 
513.084938469506938 
526.497459668508100 
540.207946203968049 
554.221874938947508 
568.544798093136137 
583.182342782876958 
598.140210238609711 
613.424174652496049 
629.040081459713178 
644.993844958893987 
661.291445088798582 
677.938923101182240 
694.942375781792862 
712.307947738716848 
730.041821077986697 
748.150201481586009 
766.639299224727552 
785.515302895197465 
804.784342279958651 
824.452434620007466 
844.525404295449334 
865.008758011491864 
885.907481084046140 
907.225683584934359 
928.965932913210963 
951.127825656626328 
973.703436602535021 
996.658167001105198 
0.680917582401670 
0.680917582401674 
0.680917582402175 
0.680917582410294 
0.680917582466278 
0.680917582709746 
0.680917583505563 
0.680917585649210 
0.680917590671530 
0.680917601262718 
0.680917621835435 
0.680917659246923 
0.680917723699981 
0.680917829842702 
0.680917998086814 
0.680918256164536 
0.680918640943790 
0.680919200521661 
0.680919996615992 
0.680921107274967 
0.680922629924570 
0.680924684773812 
0.680927418597589 
0.680931008917063 
0.680935668597475 
0.680941650883240 
0.680949254890290 
0.680958831575522 
0.680970790203315 
0.680985605329055 
0.681003824319611 
0.681026075430802 
0.681053076461830 
0.681085644006791 
0.681124703323357 
0.681171298838823 
0.681226605313777 
0.681291939683726 
0.681368773599142 
0.681458746684514 
0.681563680537110 
0.681685593486389 
0.681826716135145 
0.681989507703761 
0.682176673199184 
0.682391181430588 
0.682636283894039 
0.682915534548920 
0.683232810509323 
0.683592333674209 
0.683998693320713 
0.684456869685700 
0.684972258561436 
0.685550696932135 
0.686198489679098 
0.686922437383241 
0.687729865254993 
0.688628653222860 
0.689627267213341 
0.690734791656448 
0.691960963252742 
0.693316206039547 
0.694811667795968 
0.696459257828253 
0.698271686179240 
0.700262504307727 
0.702446147285909 
0.704842391271647 
0.707469733796638 
0.710339931847613 
0.713471476007668 
0.716883978800162 
0.720598227055790 
0.724636236168318 
0.729021306299757 
0.733778080596349 
0.738932605476698 
0.744512393052646 
0.750546485742032 
0.757077746393158 
0.764129745517589 
0.771734230498011 
0.779927128295659 
0.788746256965608 
0.798231404508088 
0.808438728015642 
0.819408568237771 
0.831178169937215 
0.843796132498243 
0.857320042606381 
0.871846475016023 
0.887384976560570 
0.903994420869682 
0.921772781566389 
0.940783093991809 
0.961062314886346 
0.982705779636039 
1.005789838442132 
1.030367781768316 
1.056575874993368 
1.084458038874089 
1.114122871453873 
1.145675446151339 
1.179212925734880 
1.214935271898613 
1.252848727204180 
1.293182798256125 
1.335926936421763 
1.381242730839151 
1.429252450654096 
1.480085983589461 
1.533966299652669 
1.590942097709066 
1.651219782117503 
1.714922141627061 
1.782188570379293 
1.853250917127214 
1.928254043886313 
2.007377703567902 
2.090893743004850 
2.178942388965358 
2.271686422456006 
2.369336860224436 
2.472190997043200 
2.580514447535161 
2.694465760970334 
2.814264202435992 
2.940151313082474 
3.072445546984643 
3.211370515465773 
3.357193596757495 
3.510206702415608 
3.670713551421061 
3.839021988712203 
4.015454158772183 
4.200350993862417 
4.393986269353285 
4.596696325756827 
4.808834421932474 
5.030768411994412 
5.262877219840754 
5.505548562658356 
5.759180611410047 
6.024177883944789 
6.300952253102988 
6.589918037655428 
6.891498361312646 
7.206147393009884 
7.534328416256358 
7.876511478876980 
8.233177091510386 
8.604825785529004 
8.991975998901385 
9.395156051063276 
9.814902722073999 
10.251763874449001 
10.706306281239849 
11.179117492501392 
11.670794528229687 
12.181946000956293 
12.713200160322550 
13.265203157493650 
13.838607675327371 
14.434082257426223 
15.052320010934492 
15.694029221663829 
16.359929141586349 
17.050761395253470 
17.767288515330783 
18.510288006146446 
19.280559180831606 
20.078906782932677 
20.906163085025959 
21.763182240294942 
22.650831574529356 
23.570008473636747 
24.521619173298216 
25.506591406877217 
26.525879001287336 
27.580455700356197 
28.671317869445662 
29.799484339359303 
30.965998250199512 
32.171931548023494 
33.418373181132338 
34.706434125063808 
36.037245847726219 
37.411969932410138 
38.831791514551547 
40.297922565683130 
41.811600689353334 
43.374090312862776 
44.986682732085200 
46.650696688960153 
48.367478732706140 
50.138403674629338 
51.964875017984795 
53.848325406295771 
55.790217077600325 
57.792042326020038 
59.855323934285074 
61.981615657885058 
64.172502565420743 
66.429601530878017 
68.754561740121076 
71.149065476017427 
73.614828468353892 
76.153600042632917 
78.767163824046122 
81.457337949930363 
84.225975770059904 
87.074966476699800 
90.006235672235107 
93.021745915072088 
96.123497261381630 
99.313527809089322 
102.593914246265058 
105.966772404506060 
109.434257817352815 
112.998566283590435 
116.661934435243310 
120.426640310070169 
124.295003928389434 
128.269387874093809 
132.352197879741908 
136.545883415651332 
140.852938282946468 
145.275901210555219 
149.817356456171268 
154.479934411237480 
159.266312210026172 
164.179214342922023 
169.221413274026389 
174.395730063224676 
179.705034992861954 
185.152248199183930 
190.740340308698165 
196.472333079610735 
202.351300048486621 
208.380367182271186 
214.562713535801777 
220.901571914916303 
227.400229545256082 
234.062028746838791 
240.890367614450810 
247.888700703897655 
255.060539724112175 
262.409454235108399 
269.939072351727248 
277.653081453095638 
285.555228897673942 
293.649322743737571 
301.939232475063477 
310.428889731552545 
319.122289044426395 
328.023488575551369 
337.136610860325447 
346.465843553421450 
356.015440176507525 
365.789720866852349 
375.793073125443129 
386.029952562939002 
396.504883641346169 
407.222460408828056 
418.187347224415589 
429.404279468648326 
440.878064235199304 
452.613580997407666 
464.615782242173111 
476.889694061900059 
489.440416692967972 
502.273124986459948 
515.393068793448379 
528.805573242847686 
542.516038884437648 
556.529941662816327 
570.852832679387120 
585.490337688879663 
600.448156265213356 
615.732060589635353 
631.347893634578440 
647.301566682832231 
663.599055971762937 
680.246398193728282 
697.249684491262428 
714.615052445401147 
732.348675345506194 
750.456747707095246 
768.945465497658688 
787.820998707871013 
807.089452521652220 
826.756810913936761 
846.828852052845150 
867.311016244287543 
888.208189250636224 
909.524323507740746 
931.261718042668349 
953.419460270274385 
975.988309001992320 
998.928851199347946 
0.000000000000000 
0.000000000000000 
0.000000000000000 
0.000000000000000 
0.000000000000000 
0.000000000000000 
0.000000000000000 
0.000000000000000 
0.000000000000000 
0.000000000000000 
0.000000000000000 
0.000000000000000 
0.000000000000000 
0.000000000000000 
0.000000000000000 
0.000000000000000 
0.000000000000000 
0.000000000000000 
0.000000000000000 
0.000000000000000 
0.000000000000000 
0.000000000000000 
0.000000000000000 
0.000000000000000 
0.000000000000000 
0.000000000000000 
0.000000000000000 
0.000000000000000 
0.000000000000000 
0.000000000000000 
0.000000000000000 
0.000000000000000 
0.000000000000000 
0.000000000000000 
0.000000000000000 
0.000000000000000 
0.000000000000000 
0.000000000000000 
0.000000000000000 
0.000000000000000 
0.000000000000000 
0.000000000000000 
0.000000000000000 
0.000000000000000 
0.000000000000000 
0.000000000000000 
0.000000000000000 
0.000000000000000 
0.000000000000000 
0.000000000000000 
0.000000000000000 
0.000000000000000 
0.000000000000000 
0.000000000000000 
0.000000000000000 
0.000000000000000 
0.000000000000000 
0.000000000000000 
0.000000000000000 
0.000000000000000 
0.000000000000000 
0.000000000000000 
0.000000000000000 
0.000000000000000 
0.000000000000000 
0.000000000000000 
0.000000000000000 
0.000000000000000 
0.000000000000000 
0.000000000000000 
0.000000000000000 
0.000000000000000 
0.000000000000000 
0.000000000000000 
0.000000000000000 
0.000000000000000 
0.000000000000000 
0.000000000000000 
0.000000000000000 
0.000000000000000 
0.000000000000000 
0.000000000000000 
0.000000000000000 
0.000000000000000 
0.000000000000000 
0.000000000000000 
0.000000000000000 
0.000000000000000 
0.000000000000000 
0.000000000000000 
0.000000000000000 
0.000000000000000 
0.000000000000000 
0.000000000000000 
0.000000000000000 
0.000000000000000 
0.000000000000000 
0.000000000000000 
0.005403995464916 
0.017108796097297 
0.029643985045948 
0.043066199698921 
0.057436762489313 
0.072821179051877 
0.089288302434576 
0.106913022151196 
0.125777137611032 
0.145966227085204 
0.167572544054124 
0.190696913253358 
0.215575653063609 
0.243279011844284 
0.273334840304735 
0.305515536710215 
0.339975327272481 
0.376915348842358 
0.420796963243769 
0.470401448668257 
0.523268925666828 
0.579579148863595 
0.639581909184532 
0.703549402383411 
0.772675569766148 
0.846619949060671 
0.925488572325963 
1.010007719286456 
1.100016686874761 
1.195790991646144 
1.298702469089914 
1.410077145225887 
1.528648810347837 
1.654761318613547 
1.788563411733277 
1.930656075990930 
2.081025101347368 
2.240182246116796 
2.408468544390522 
2.586360391782491 
2.775107291484079 
2.974857492574620 
3.185319162109681 
3.406864407794119 
3.639878044360891 
3.884952816286333 
4.142437390263106 
4.413103973475850 
4.697340214036943 
4.995411113478459 
5.307521935049806 
5.634211216810252 
5.976082139420488 
6.333776778513437 
6.707692098125835 
7.098120760611955 
7.505579382700020 
7.930704410211103 
8.374066122919617 
8.836291061221409 
9.317751522758932 
9.819086469951392 
10.340933338019372 
10.883892730541415 
11.448558608618724 
12.035619209153914 
12.645824209369117 
13.279744684266905 
13.938092228880441 
14.621625161196626 
15.331061617877637 
16.067140203013960 
16.830662125163560 
17.622422383333447 
18.443234515716625 
19.293983709696505 
20.175481324101597 
21.088609629975558 
22.034274580070615 
23.013377679023225 
24.026866004604742 
25.075699684017344 
26.160860793027638 
27.283358182502155 
28.444221542719539 
29.644505739036852 
30.885289448551113 
32.167677469592412 
33.492820169456358 
34.861849734625501 
36.275951273903203 
37.736323754120370 
39.244198255762456 
40.800830298916821 
42.407503521399185 
44.065528832192371 
45.776245258079925 
47.541020227255174 
49.361250021310951 
51.238360193683192 
53.173805998003473 
55.169072825317187 
57.225676647252371 
59.345164463968899 
61.529114758760201 
63.779137943196176 
66.096876802960594 
68.484006956907976 
70.942237381532038 
73.473310910740537 
76.079004669281048 
78.761130608634204 
81.521535938563531 
84.362106598218958 
87.284759807066109 
90.291450475912427 
93.384171928256322 
96.564955246038807 
99.835869939925885 
103.199024564801306 
106.656567295885395 
110.210686496485351 
113.863611285324012 
117.617612106616647 
121.475001304270961 
125.438133700700575 
129.509407180319556 
133.691263277613103 
137.986187769627946 
142.396711272733910 
146.925409843539740 
151.574905583885510 
156.347867249879499 
161.247010864983849 
166.275100337195397 
171.434948080400574 
176.729415640007403 
182.161414322987781 
187.733905832473681 
193.449902907066701 
199.312469965024519 
205.324723753489877 
211.489834002923288 
217.811024086893724 
224.291571687369412 
230.934809465636249 
237.744125738954835 
244.722965163046098 
251.874829420476374 
259.203277914986188 
266.711928471785654 
274.404458043808518 
282.284603423887347 
290.356161962784029 
298.622992292963545 
307.089015057962058 
315.758213647149375 
324.634634935621648 
333.722390028889834 
343.025655011943911 
352.548671702158742 
362.295748405380436 
372.271260674366090 
382.479652068548830 
392.925434913850268 
403.613191060959252 
414.547572640108967 
425.733302809925647 
437.175176497337702 
448.878061124825877 
460.846897320414314 
473.086699604717865 
485.602557048021595 
498.399633888703306 
511.483170102259692 
524.858481907623855 
538.530962194274252 
552.506080849614250 
566.789384961072528 
581.386498861083965 
596.303123975549624 
611.545038433215495 
627.118096361333301 
643.028226782417732 
659.281432008112006 
675.883785390271441 
692.841428241539006 
710.160565671201425 
727.847460986200872 
745.908428165025953 
764.349821695899891 
783.178022731806095 
802.399419966022037 
822.020382708577245 
842.047222021561993 
862.486132769700589 
883.343103539536060 
904.623768859063375 
926.333148731643405 
948.475137556408072 
971.051127754289382 
994.054839285091589 
0.708682153473024 
0.708682153473028 
0.708682153473526 
0.708682153481608 
0.708682153537329 
0.708682153779657 
0.708682154571745 
0.708682156705347 
0.708682161704134 
0.708682172245696 
0.708682192722018 
0.708682229958211 
0.708682294109267 
0.708682399754644 
0.708682567210430 
0.708682824078900 
0.708683207055228 
0.708683764011133 
0.708684556375272 
0.708685661830120 
0.708687177345158 
0.708689222566133 
0.708691943580191 
0.708695517076672 
0.708700154923358 
0.708706109177983 
0.708713677554807 
0.708723209366080 
0.708735111958224 
0.708749857662583 
0.708767991280605 
0.708790138123355 
0.708817012625285 
0.708849427552215 
0.708888303823560 
0.708934680968845 
0.708989728238673 
0.709054756390365 
0.709131230168582 
0.709220781501410 
0.709325223432456 
0.709446564809740 
0.709587025752311 
0.709749053915780 
0.709935341578187 
0.710148843567968 
0.710392796056082 
0.710670736234826 
0.710986522906247 
0.711344358003637 
0.711748809070157 
0.712204832719288 
0.712717799102577 
0.713293517410942 
0.713938262436735 
0.714658802224801 
0.715462426841856 
0.716356978294794 
0.717350881629834 
0.718453177245951 
0.719673554457548 
0.721022386343116 
0.722510765918384 
0.724150543674447 
0.725954366523368 
0.727935718195897 
0.730108961138095 
0.732489379955958 
0.735093226459330 
0.737937766358626 
0.741041327670076 
0.744423350887182 
0.748104440977957 
0.752108323678239 
0.756470653501151 
0.761202706965884 
0.766330382778567 
0.771881035785710 
0.777883541047521 
0.784368360140884 
0.791367609747578 
0.798915132579314 
0.807058742669901 
0.815833438830169 
0.825270637181597 
0.835411935573403 
0.846301052938606 
0.857989104030536 
0.870541458228414 
0.883988144403500 
0.898382327294158 
0.913786579503777 
0.930312838554050 
0.947965667760067 
0.966809247711899 
0.986960023409421 
1.008458853475816 
1.031363098068550 
1.055802252080294 
1.081815826873810 
1.109500807669192 
1.138977440466154 
1.170287035840820 
1.203596643100827 
1.238939456607824 
1.276601146750899 
1.316547692349109 
1.359019179085008 
1.404003077356428 
1.451700593759093 
1.502168003066514 
1.555624395857054 
1.612202512401782 
1.672036566429914 
1.735309629995897 
1.802121049421621 
1.872669866522497 
1.947163519529601 
2.025742359537229 
2.108610242113823 
2.196059096081880 
2.288180178446451 
2.385181618955391 
2.487292052415454 
2.594828111334436 
2.707987203708899 
2.826990968090017 
2.952061303394670 
3.083475794122846 
3.221499474935152 
3.366387471409597 
3.518420989278145 
3.677897177907363 
3.845131398628253 
4.020437065643506 
4.204162027650799 
4.396606206705558 
4.598094828338500 
4.808966691706961 
5.029581174530590 
5.260315644607394 
5.501560520272715 
5.753719560131564 
6.017201243534231 
6.292424556693512 
6.579782454829060 
6.879698037416485 
7.192621174531116 
7.519020236273814 
7.859371117656654 
8.214156564234768 
8.583870036024496 
8.969020911314978 
9.370138365377546 
9.787767415285096 
10.222460241641041 
10.674778152802620 
11.145300196403452 
11.634622875535673 
12.143362108148569 
12.672141378050375 
13.221597993307608 
13.792392670936497 
14.385207797428102 
15.000727042440136 
15.639644697558417 
16.302689281942889 
16.990609510468541 
17.704163213089299 
18.444116557949883 
19.211269170592285 
20.006441391861159 
20.830462401648283 
21.684180886308205 
22.568453850682385 
23.484173227341266 
24.432249897010117 
25.413608913258553 
26.429201382989579 
27.479999311541714 
28.566996228268323 
29.691208605610058 
30.853675709332535 
32.055461710874397 
33.297653268313546 
34.581360610577008 
35.907719641422240 
37.277888303717354 
38.693049766358342 
40.154412320871096 
41.663210263196248 
43.220704275717850 
44.828181896217842 
46.486957957902291 
48.198375018417728 
49.963803800364872 
51.784643628486350 
53.662322875063083 
55.598299409653421 
57.594061055505080 
59.651126043942583 
61.771043479164959 
63.955393776946849 
66.205789119215737 
68.523873926605461 
70.911325393622150 
73.369853994349967 
75.901203946169034 
78.507153697711999 
81.189516350130560 
83.950140143907333 
86.790909223299778 
89.713743717146656 
92.720600595699921 
95.813474090639573 
98.994396231791853 
102.265437454324783 
105.628707191819032 
109.086354452266562 
112.640568387363587 
116.293578861626656 
120.047657024346790 
123.905115885576009 
127.868310896524804 
131.939640534413002 
136.121546891695175 
140.416516269555132 
144.827079775572656 
149.355813925494857 
154.005341249075599 
158.778330899982109 
163.677499269797806 
168.705610606182404 
173.865477635275823 
179.159962188452937 
184.591975833557171 
190.164480510749570 
195.880489173122498 
201.743066432227891 
207.755329208670219 
213.920447387912077 
220.241644481427898 
226.722198293336589 
233.365441592623654 
240.174762791051648 
247.153606626838098 
254.305474854160735 
261.633926938525349 
269.142580758012741 
276.835113310387328 
284.715261426027894 
292.786822486605274 
301.053655149390693 
309.519680077039595 
318.188880672642711 
327.065303819770520 
336.153060627166155 
345.456327177650792 
354.979345280689699 
364.726423227931832 
374.701936550869561 
384.910328779551321 
395.356112201024189 
406.043868615869656 
416.978250090796678 
428.163979704780559 
439.605852285636047 
451.308735133181244 
463.277568724242428 
475.517367393633549 
488.033219983862864 
500.830290454609667 
513.913818440899831 
527.289119746258393 
540.961586753843221 
554.936688734404356 
569.219972024751883 
583.817060043941979 
598.733653106789461 
613.975527992778552 
629.548537186101953 
645.458607704973701 
661.711739411805297 
678.314002658289496 
695.271535069958986 
712.590537205152032 
730.277266722387822 
748.338030540058639 
766.779174243205716 
785.607067631810992 
804.828084719070716 
824.448575498031119 
844.474825046284309 
864.912992285230075 
885.769014271339188 
907.048448136122261 
928.756190153732973 
950.895917921090131 
973.468539541345308 
996.466241962529239 
