2138 
1801 
1601 
1455 
1491 
1398 
1318 
1227 
1154 
1154 
1159 
1158 
1170 
1148 
1146 
1111 
1079 
1031 
1014 
978 
980 
964 
946 
899 
882 
901 
890 
835 
767 
760 
783 
805 
868 
871 
836 
816 
748 
678 
552 
180 
536 
588 
554 
464 
469 
665 
707 
756 
759 
764 
796 
788 
771 
803 
806 
798 
803 
804 
757 
757 
758 
778 
722 
707 
718 
661 
686 
650 
641 
631 
579 
620 
552 
562 
554 
537 
494 
465 
461 
391 
338 
313 
280 
298 
296 
240 
239 
261 
220 
92 
64 
117 
51 
12 
21 
13 
6 
4 
4 
2 
