0.000000000000000 
0.000000000000000 
0.000000000000000 
0.000000000000000 
0.000000000000000 
0.000000000000000 
0.000000000000000 
0.000000000000000 
0.000000000000000 
0.000000000000000 
0.000000000000000 
0.000000000000000 
0.000000000000000 
0.000000000000000 
0.000000000000000 
0.000000000000000 
0.000000000000000 
0.000000000000000 
0.000000000000000 
0.000000000000000 
0.000000000000000 
0.000000000000000 
0.000000000000000 
0.000000000000000 
0.000000000000000 
0.000000000000000 
0.000000000000000 
0.000000000000000 
0.000000000000000 
0.000000000000000 
0.000000000000000 
0.000000000000000 
0.000000000000000 
0.000000000000000 
0.000000000000000 
0.000000000000000 
0.000000000000000 
0.000000000000000 
0.000000000000000 
0.000000000000000 
0.000000000000000 
0.000000000000000 
0.000000000000000 
0.000000000000000 
0.000000000000000 
0.000000000000000 
0.000000000000000 
0.000000000000000 
0.000000000000000 
0.000000000000000 
0.000000000000000 
0.000000000000000 
0.000000000000000 
0.000000000000000 
0.000000000000000 
0.000000000000000 
0.000000000000000 
0.000000000000000 
0.000298278775342 
0.010024838494339 
0.020841729373771 
0.032856125693715 
0.046185238188990 
0.060957294724098 
0.077312263846313 
0.095404350729420 
0.115401404820874 
0.137487302880874 
0.161890262275555 
0.191599917465691 
0.229230250844358 
0.270698715601190 
0.316268804506077 
0.366864089290754 
0.422400887789749 
0.483267120321536 
0.550153579841373 
0.626457095220195 
0.712853369758705 
0.807376028491579 
0.911055094292137 
1.024251570988876 
1.147866973784035 
1.284205740652393 
1.435326057075653 
1.600158221469483 
1.779433165045031 
1.974057051153430 
2.186014757484639 
2.417909404876400 
2.669302159605415 
2.941036893699875 
3.234664232742370 
3.552611261914549 
3.895841324807972 
4.265265682301818 
4.662538013279153 
5.089587833556892 
5.547582912333846 
6.038026915779870 
6.562962872641632 
7.123969863985452 
7.722548888696395 
8.360664715304605 
9.040053502021497 
9.762612647102966 
10.530319581426419 
11.345196002518918 
12.209459709548232 
13.125289056926224 
14.094933829132486 
15.120755987534620 
16.205210311795700 
17.350858934169160 
18.560364740158917 
19.836498625302077 
21.182139756550086 
22.600278615729895 
24.094018937287256 
25.666579890227531 
27.321298528759655 
29.061658820140174 
30.891232657457522 
32.813708705331443 
34.832909345792999 
36.952790785674708 
39.177443988403283 
41.511095053805789 
43.958107718757944 
46.522986788857239 
49.210381295403785 
52.025087717790271 
54.972053334952648 
58.056379671107827 
61.283326017510277 
64.658313024774444 
68.186926364364396 
71.874920458592257 
75.728222278051192 
79.752935204725077 
83.955342958414889 
88.341913583734168 
92.919303494779612 
97.694361574669443 
102.674133327440472 
107.865865080248582 
113.277008234391488 
118.915223564304853 
124.788385564315945 
130.904586843529785 
137.272142569714759 
143.899594963415410 
150.795717843722684 
157.969521227153223 
165.430255980912904 
173.187418531453545 
181.250755628635716 
189.630269165001891 
198.336221048590147 
207.379138126716924 
216.769817154342036 
226.519329800226046 
236.639027693919161 
247.140547476223475 
258.035815852268058 
269.337054619996593 
281.056785613973489 
293.207835151473489 
305.803339904491793 
318.856750422990217 
332.381835612354791 
346.392686510333306 
360.903719494329494 
375.929678729551711 
391.485637615140661 
407.586998917326468 
424.249493191494594 
441.489174982852887 
459.322416149786363 
477.765895462930530 
496.836583378766818 
516.551720542352882 
536.928788098557106 
557.985467219967632 
579.739584286722902 
602.209036709026918 
625.411692221591579 
649.365250709687189 
674.087052634150268 
699.593808726529915 
725.901209536813553 
753.023345422114517 
780.971814889314373 
809.754296146829347 
839.372143063204931 
869.816093710890641 
901.058051986118585 
933.034000938924009 
965.605046725588181 
998.310261099670015 
0.663762163764333 
0.663762163764401 
0.663762163773225 
0.663762163916272 
0.663762164902605 
0.663762169192037 
0.663762183212776 
0.663762220979654 
0.663762309463133 
0.663762496059202 
0.663762858510362 
0.663763517627827 
0.663764653165097 
0.663766523193106 
0.663769487327094 
0.663774034155465 
0.663780813220884 
0.663790671903988 
0.663804697560206 
0.663824265260418 
0.663851091486402 
0.663887294132590 
0.663935459166062 
0.663998714297732 
0.664080810018647 
0.664186208356901 
0.664320179712637 
0.664488908131117 
0.664699605377228 
0.664960634178898 
0.665281641012247 
0.665673698807814 
0.666149459965400 
0.666724550839519 
0.667415213140067 
0.668239165913259 
0.669217201105807 
0.670372632630119 
0.671731520760069 
0.673322909983170 
0.675179080847993 
0.677335816379943 
0.679832683676900 
0.682713331338367 
0.686025803427488 
0.689822870713695 
0.694162379993987 
0.699107622341158 
0.704727721175801 
0.711098041102720 
0.718300618488211 
0.726424614778155 
0.735566793563349 
0.745878623760454 
0.757434428932781 
0.770355720480909 
0.784775529245633 
0.800837302261301 
0.818722183167901 
0.838617170869626 
0.860660431220746 
0.885044169319894 
0.912028457735983 
0.941814082598605 
0.974611212029955 
1.010782914013264 
1.050536638654499 
1.094174296685689 
1.142068469766186 
1.194511690455314 
1.252110583677205 
1.315036203891593 
1.383894390027303 
1.458938881403484 
1.540629816513161 
1.629589324557693 
1.726234598652452 
1.831248718967933 
1.945192045415985 
2.068631788980731 
2.202259122316148 
2.347001057124015 
2.503361362296149 
2.672126003284609 
2.854126504435258 
3.050200546187731 
3.261391642493860 
3.488565158666175 
3.732667013079500 
3.994718891244406 
4.275818435366448 
4.577130588652937 
4.899871427720538 
5.245266173729755 
5.614602068378681 
6.009154363279634 
6.430328868912711 
6.879568670286355 
7.358387073055857 
7.868369197471451 
8.411149815051855 
8.988418928225929 
9.601940671758008 
10.253547558756736 
10.945138318403281 
11.678688483333291 
12.456248604140365 
13.279947740886923 
14.151993778777747 
15.074669470121700 
16.050342288011425 
17.081467466138427 
18.170589166080823 
19.320345507731894 
20.533470056149763 
21.812795511966208 
23.161255888582346 
24.581889493937044 
26.077841688968650 
27.652368265330598 
29.308838350098270 
31.050736558362004 
32.881662383314627 
34.805336764805965 
36.825605725650597 
38.946442632650914 
41.171950297268431 
43.506364872253087 
45.954059390289615 
48.519546762187062 
51.207483118792688 
54.022671284192640 
56.970064263362630 
60.054768774761357 
63.282048838771686 
66.657329425793790 
70.186200165410455 
73.874419116806990 
77.727916599792124 
81.752799085161570 
85.955353142736243 
90.342049445176954 
94.919546825627776 
99.694696387347420 
104.674545663745008 
109.866342827595986 
115.277540948656110 
120.915802299365851 
126.789002708801263 
132.905235965452960 
139.272818269749280 
145.900292737467339 
152.796433955267304 
159.970252589522062 
167.431000049379975 
175.188173204593568 
183.251519158026696 
191.631040071926122 
200.336998045949343 
209.379920043525374 
218.770602861524310 
228.520118136928147 
238.639817379788269 
249.141337014423357 
260.036603414987326 
271.337837908140273 
283.057561708874914 
295.208600765221775 
307.804090492756700 
320.857480139162078 
334.382536935913322 
348.393349779443440 
362.904332318687352 
377.930225253985952 
393.486097597622461 
409.587346576461755 
426.249695767710023 
443.489190943522885 
461.322192950274939 
479.765366751093211 
498.835665497049149 
518.550308134836882 
538.926748563195815 
559.982633647915009 
581.735746385017137 
604.203928976125553 
627.404978194730120 
651.356501669277577 
676.075718109987292 
701.579174376138212 
727.882334980819905 
754.998968881055816 
782.940200128724200 
811.712973324052541 
841.317440479417428 
871.742219402818250 
902.955082171740059 
934.882707743272249 
967.360349836983687 
1000.000000000000000 
0.000000000000000 
0.000000000000000 
0.000000000000000 
0.000000000000000 
0.000000000000000 
0.000000000000000 
0.000000000000000 
0.000000000000000 
0.000000000000000 
0.000000000000000 
0.000000000000000 
0.000000000000000 
0.000000000000000 
0.000000000000000 
0.000000000000000 
0.000000000000000 
0.000000000000000 
0.000000000000000 
0.000000000000000 
0.000000000000000 
0.000000000000000 
0.000000000000000 
0.000000000000000 
0.000000000000000 
0.000000000000000 
0.000000000000000 
0.000000000000000 
0.000000000000000 
0.000000000000000 
0.000000000000000 
0.000000000000000 
0.000000000000000 
0.000000000000000 
0.000000000000000 
0.000000000000000 
0.000000000000000 
0.000000000000000 
0.000000000000000 
0.000000000000000 
0.000000000000000 
0.000000000000000 
0.000000000000000 
0.000000000000000 
0.000000000000000 
0.000000000000000 
0.000000000000000 
0.000000000000000 
0.000000000000000 
0.000000000000000 
0.000000000000000 
0.000000000000000 
0.000000000000000 
0.000000000000000 
0.000000000000000 
0.000000000000000 
0.000000000000000 
0.000000000000000 
0.000000000000000 
0.000000000000000 
0.003198480251344 
0.013909910457103 
0.025802410886060 
0.038990330522654 
0.053598810834747 
0.069764682986896 
0.087636510948178 
0.107377428587433 
0.129165757590995 
0.153197597555983 
0.179765284815885 
0.212954506812372 
0.253796739614578 
0.298666721041102 
0.347993506469288 
0.402561439855726 
0.462420318843318 
0.527946184670858 
0.599684898398732 
0.681737607216253 
0.774502732839433 
0.875804141744346 
0.986618245452649 
1.107599792051815 
1.239494921453352 
1.384637445888494 
1.545369195601151 
1.720681696027529 
1.911201077530619 
2.117851964947680 
2.342444167323173 
2.587575153362692 
2.853694003600402 
3.141179390331002 
3.451429137822073 
3.786761945314846 
4.148740867462488 
4.538186463923748 
4.956724274417459 
5.406291989575025 
5.888346801076001 
6.404288708317627 
6.956044728955487 
7.545395040695710 
8.174270928097473 
8.844322121756234 
9.557518174112834 
10.315841592684803 
11.121281589590492 
11.975979219727265 
12.882109387802828 
13.841956906416765 
14.858001518256410 
15.932625871196493 
17.068391654958663 
18.267913619414259 
19.533942302215454 
20.869320590403603 
22.277010173562864 
23.760082889295582 
25.321726631830479 
26.965246190951028 
28.694066638148584 
30.511735714069950 
32.421926574229850 
34.428440689465830 
36.535230157951410 
38.746360542978309 
41.066016974535472 
43.498526848809952 
46.048361991237371 
48.720140068465078 
51.518626535210913 
54.448737550586145 
57.515543182413211 
60.724270766350223 
64.080308373137797 
67.589208366873549 
71.256691047699121 
75.088648375677735 
79.091147773353342 
83.270436004237197 
87.632943123973206 
92.185286500473083 
96.934274899020835 
101.886912628279575 
107.050403743300535 
112.432156302030336 
118.039786672407416 
123.881123887873997 
129.964214049960589 
136.297324777452104 
142.888949702461446 
149.747813014464981 
156.882874053948569 
164.303331957742046 
172.018630358385849 
180.038462139950951 
188.372774252656086 
197.031772588397985 
206.025926918946055 
215.365975898095456 
225.062932128483737 
235.128087293102624 
245.573017350729515 
256.409587793527351 
267.649958963877054 
279.306591425982788 
291.392251385841632 
303.920016150579954 
316.903279614713711 
330.355757756268531 
344.291494119448430 
358.724865252141626 
373.670586055184685 
389.143714984979965 
405.159659030365276 
421.734178356625023 
438.883390471596499 
456.623773717157007 
474.972169818595148 
493.945785126639521 
513.562190050253548 
533.839315984656423 
554.795448759889950 
576.449217227867962 
598.819574784439965 
621.925772376040072 
645.787316044939757 
670.423902645902217 
695.855323675953741 
722.101316731804559 
749.181330499470050 
777.114139489888430 
805.917182137314512 
835.605353091751908 
866.188623231984820 
897.666856068452034 
930.016849907626465 
963.150033754602191 
996.640719668209158 
0.693922975975709 
0.693922975975777 
0.693922975984507 
0.693922976126032 
0.693922977101870 
0.693922981345666 
0.693922995217236 
0.693923032582311 
0.693923120124404 
0.693923304735260 
0.693923663330268 
0.693924315435314 
0.693925438891486 
0.693927289024061 
0.693930221622273 
0.693934720076323 
0.693941427018192 
0.693951180812870 
0.693965057246751 
0.693984416760142 
0.694010957571060 
0.694046775037999 
0.694094427609718 
0.694157009711058 
0.694238231914699 
0.694342508750190 
0.694475054503400 
0.694641987361900 
0.694850442264823 
0.695108692819599 
0.695426282652859 
0.695814166568812 
0.696284861895931 
0.696852610411900 
0.697533551247939 
0.698345905186861 
0.699310170785249 
0.700449332768850 
0.701789083172253 
0.703358055719432 
0.705188073970912 
0.707314413796492 
0.709776080769599 
0.712616103120441 
0.715881840929874 
0.719625312293737 
0.723903537237507 
0.728778900211980 
0.734319532050826 
0.740617493457096 
0.747745080341687 
0.755784342665198 
0.764830983004766 
0.774988711501667 
0.786369766197582 
0.799095459659576 
0.813304404320802 
0.829194808430681 
0.846861906143389 
0.866469986742345 
0.888195604627413 
0.912292223222589 
0.938926678507693 
0.968297118678393 
1.000703080346242 
1.036396117340762 
1.075586734132567 
1.118685245535611 
1.165896202639352 
1.217644810044933 
1.274242787372881 
1.336270293695179 
1.404046363726965 
1.478112360897096 
1.558723725886821 
1.646498276172557 
1.741872283225541 
1.845418338791644 
1.957893717137550 
2.079717813827571 
2.211559517854051 
2.354295893244809 
2.508644523415777 
2.675288496357290 
2.855017507014695 
3.048650952613556 
3.257223946650524 
3.481569692164975 
3.722711596526894 
3.981676922989570 
4.259520264764632 
4.557366788118888 
4.876436131229127 
5.218021685679553 
5.583317998881533 
5.973618353300785 
6.390324571510752 
6.834900392596957 
7.308851394118911 
7.813739493983549 
8.351204394752116 
8.922955258171328 
9.530759073807817 
10.176442906400649 
10.861898184792864 
11.589098209599204 
12.360086165757373 
13.176981332433572 
14.041986630595737 
14.957385304831650 
15.925549905285784 
16.948939844619826 
18.030084600763491 
19.171612987440849 
20.376242479408798 
21.646791831954069 
22.986178640111280 
24.397424676492015 
25.883654669165132 
27.448103675736615 
29.094119118101062 
30.825163699304859 
32.644818588725499 
34.556786771568625 
36.564895127657209 
38.673099602312504 
40.885479141508647 
43.206243315460256 
45.639739741355640 
48.190455408816518 
50.863019560445501 
53.662207380164404 
56.592943490112681 
59.660305437751234 
62.869527228937841 
66.226002921220953 
69.735290282101886 
73.403114514082404 
77.235372046897865 
81.238134396363648 
85.417652088493256 
89.780358646929798 
94.332874641286651 
99.082011793736982 
104.034777141128075 
109.198377250030859 
114.580222482450949 
120.187931310396294 
126.029334678066277 
132.112480411071999 
138.445637672746386 
145.037301468218573 
151.896197197469149 
159.031285259014282 
166.451765706163513 
174.167082957970194 
182.186930567006186 
190.521256045989503 
199.180265755062806 
208.174429851173727 
217.514487300582687 
227.211450954962572 
237.276612690916522 
247.721548611949686 
258.558124310958476 
269.798500190100583 
281.455136833341896 
293.540800424955023 
306.068568204541293 
319.051833945557746 
332.504313439486396 
346.440049961276941 
360.873419682916904 
375.819136990149445 
391.292259641411647 
407.308193686543291 
423.882698033724466 
441.031888513695492 
458.772241236639388 
477.120594963557210 
496.094152112288498 
515.710477875973311 
535.987496729686995 
556.943485309450466 
578.597060224758025 
600.967158796120884 
624.073010210258985 
647.934090721689017 
672.570056377141555 
698.000641805257033 
724.245503675923032 
751.323972540237833 
779.254644937264402 
808.054680762396970 
837.738518970896962 
868.315349076236657 
899.783646237902758 
932.117798999920979 
965.225102700124921 
998.622463782917407 
0.000000000000000 
0.000000000000000 
0.000000000000000 
0.000000000000000 
0.000000000000000 
0.000000000000000 
0.000000000000000 
0.000000000000000 
0.000000000000000 
0.000000000000000 
0.000000000000000 
0.000000000000000 
0.000000000000000 
0.000000000000000 
0.000000000000000 
0.000000000000000 
0.000000000000000 
0.000000000000000 
0.000000000000000 
0.000000000000000 
0.000000000000000 
0.000000000000000 
0.000000000000000 
0.000000000000000 
0.000000000000000 
0.000000000000000 
0.000000000000000 
0.000000000000000 
0.000000000000000 
0.000000000000000 
0.000000000000000 
0.000000000000000 
0.000000000000000 
0.000000000000000 
0.000000000000000 
0.000000000000000 
0.000000000000000 
0.000000000000000 
0.000000000000000 
0.000000000000000 
0.000000000000000 
0.000000000000000 
0.000000000000000 
0.000000000000000 
0.000000000000000 
0.000000000000000 
0.000000000000000 
0.000000000000000 
0.000000000000000 
0.000000000000000 
0.000000000000000 
0.000000000000000 
0.000000000000000 
0.000000000000000 
0.000000000000000 
0.000000000000000 
0.000000000000000 
0.000000000000000 
0.000000000000000 
0.000000000000000 
0.007998481463259 
0.019804383810384 
0.032892341138076 
0.047384659248148 
0.063415128449249 
0.081129951959331 
0.100688460400605 
0.122265952040463 
0.146052201917867 
0.172255232612969 
0.201157132857147 
0.239866482840406 
0.284225487952190 
0.332896044835848 
0.386481653672813 
0.445558737201385 
0.510263775078195 
0.581020104104145 
0.658456851676179 
0.748234425905878 
0.848076767549483 
0.957057196769131 
1.076074040745521 
1.205856542327327 
1.347301687430049 
1.503148860411054 
1.675257774958059 
1.862546099453962 
2.065922470223056 
2.286346326155223 
2.525830832411298 
2.786864939826375 
3.069686729681162 
3.375181637271892 
3.704637544855072 
4.060401639925170 
4.444007719736492 
4.856361585281806 
5.299264558767161 
5.774706998869693 
6.284137402726060 
6.829034351004944 
7.411403026484439 
8.033075927084870 
8.695827308985738 
9.401879002317793 
10.152958446943373 
10.951136506395001 
11.798600482298323 
12.697455653260080 
13.650014364713069 
14.658614240771005 
15.725709690358105 
16.853931485028092 
18.045894315372067 
19.304317087227084 
20.632027481192946 
22.031962951900976 
23.507180643329853 
25.060851096507335 
26.696253153270511 
28.416787945002422 
30.225979225625252 
32.127476644957497 
34.125060368638195 
36.222640333072860 
38.424258135532440 
40.734090393128106 
43.156462252022742 
45.695842498061907 
48.356819135351358 
51.144131710339622 
54.062672049703700 
57.117486644860492 
60.313779590921698 
63.656915786300182 
67.152424297445037 
70.806001851710178 
74.623516441141803 
78.611011027298460 
82.774707340086493 
87.121009764742880 
91.656509311542465 
96.387987662969792 
101.322421293181691 
106.466985654705297 
111.829059427544678 
117.416228826246680 
123.236291961016661 
129.297263249672369 
135.607377878042570 
142.175096307311179 
149.009108827723821 
156.118340158946324 
163.511954098141302 
171.199358217474526 
179.190208613226162 
187.494414708973522 
196.122144115412027 
205.083827549302299 
214.390163813813587 
224.052124842158207 
234.080960805938901 
244.488205289050512 
255.285680527283517 
266.485502712992002 
278.100087363223452 
290.142154748565815 
302.624735378525486 
315.561175537388863 
328.965142862114931 
342.850631950586262 
357.231969984253624 
372.123822343453185 
387.541198185895098 
403.499455948398463 
420.014308717828044 
437.101829398205268 
454.778455575273142 
473.060993944956863 
491.966624124733471 
511.512901601789963 
531.717759481647363 
552.599508574481206 
574.176835177301427 
596.468795645479076 
619.494806676930807 
643.274629151068439 
667.828342633275611 
693.176306402965110 
719.339099975963450 
746.337431419793234 
774.191992965492318 
802.923225816454192 
832.550918313383249 
863.093473448188433 
894.566452127297680 
926.979296757850534 
960.325876295011994 
994.529923320538956 
0.724975027216574 
0.724975027216642 
0.724975027225255 
0.724975027364872 
0.724975028327556 
0.724975032514144 
0.724975046198718 
0.724975083060095 
0.724975169422080 
0.724975351544296 
0.724975705305276 
0.724976348619651 
0.724977456931123 
0.724979282123078 
0.724982175188573 
0.724986613001541 
0.724993229531103 
0.725002851840949 
0.725016541215865 
0.725035639757708 
0.725061822793437 
0.725097157438144 
0.725144167656715 
0.725205906168466 
0.725286033540232 
0.725388904814821 
0.725519664023675 
0.725684346935022 
0.725889992392067 
0.726144762599767 
0.726458072723908 
0.726840730172551 
0.727305083937816 
0.727865184385584 
0.728536953892437 
0.729338368743200 
0.730289652719212 
0.731413482827263 
0.732735207642351 
0.734283078764262 
0.736089514176878 
0.738200803154438 
0.740645028450572 
0.743464905474067 
0.746707448137092 
0.750424292023842 
0.754672035047146 
0.759512596400509 
0.765013594663252 
0.771248745964571 
0.778298283155442 
0.786249396972285 
0.795196700198790 
0.805242715837811 
0.816527095000202 
0.829186448260483 
0.843313345623265 
0.859048152544573 
0.876542038741990 
0.895964248158316 
0.917545061379428 
0.941416454218647 
0.967780057147008 
0.996909015199556 
1.029053420973501 
1.064396096259087 
1.103280945569467 
1.145976636656278 
1.192755896978098 
1.244054088890616 
1.300092540494603 
1.361490163520661 
1.428446555261129 
1.501814075112804 
1.581678017470850 
1.668631232279070 
1.763168556036133 
1.865748489581677 
1.977153373498294 
2.097888101991598 
2.228553268142144 
2.369906627448549 
2.522803117100570 
2.687942583711882 
2.866104164157073 
3.058049238743082 
3.264812088262948 
3.487221985985226 
3.726275766600197 
3.983035211073346 
4.258583209361290 
4.554018034744105 
4.870525586308184 
5.209386502760768 
5.571807932386591 
5.959108012911681 
6.372657624788488 
6.813912990761115 
7.284397039233198 
7.785675311693481 
8.319365663019532 
8.887166286347236 
9.490853344421119 
10.132258189386720 
10.813283506233500 
11.535909642986550 
12.302160085218723 
13.114156651373545 
13.974101244625937 
14.884263268890912 
15.847009754790552 
16.864787839412493 
17.940138072342034 
19.075704698099457 
20.274200337785505 
21.538433076297412 
22.871313891972470 
24.275885735766934 
25.755236365180394 
27.312580053557710 
28.951250847244992 
30.674697872545469 
32.486487578370301 
34.390312633812485 
36.389982481640025 
38.489431174126416 
40.692723240556298 
43.004055427720559 
45.427765828763725 
47.968329773108771 
50.630358730827638 
53.418608614794579 
56.337984311730139 
59.393543292283169 
62.590499102350407 
65.934224888234695 
69.430256987526064 
73.084298592892154 
76.902223490113997 
80.890079869906216 
85.054094212222054 
89.400675241169566 
93.936417948195682 
98.668107680813534 
103.602724293877145 
108.747446360274324 
114.109655437942905 
119.696940390313699 
125.517101757656150 
131.578156177315662 
137.888340851454444 
144.456118061594708 
151.290179729964564 
158.399452028315835 
165.793100035458764 
173.480532445246325 
181.471406327059213 
189.775631941039677 
198.403377610353857 
207.365074652655721 
216.671422372701386 
226.333393117706777 
236.362237396598289 
246.769489063763530 
257.566970567244368 
268.766798260563746 
280.381387776414385 
292.423459459297646 
304.906043852727180 
317.842487234692214 
331.246457192590015 
345.131948225491726 
359.513287357141166 
374.405139737118247 
389.822514199521606 
405.780768737727158 
422.295615839160519 
439.383127604400443 
457.059740548366108 
475.342259945347223 
494.247863530624954 
513.794104304085749 
533.998912087872441 
554.880593359125669 
576.457828693294573 
598.749666893115091 
621.775514672548979 
645.555119589890978 
670.108543297031702 
695.456120764848151 
721.618398052499970 
748.616036291337309 
776.469660172317163 
805.199610399442008 
834.825519045585565 
865.365531710937944 
896.834752100679907 
929.241722818582502 
962.578143507623622 
996.756997909131996 
0.000000000000000 
0.000000000000000 
0.000000000000000 
0.000000000000000 
0.000000000000000 
0.000000000000000 
0.000000000000000 
0.000000000000000 
0.000000000000000 
0.000000000000000 
0.000000000000000 
0.000000000000000 
0.000000000000000 
0.000000000000000 
0.000000000000000 
0.000000000000000 
0.000000000000000 
0.000000000000000 
0.000000000000000 
0.000000000000000 
0.000000000000000 
0.000000000000000 
0.000000000000000 
0.000000000000000 
0.000000000000000 
0.000000000000000 
0.000000000000000 
0.000000000000000 
0.000000000000000 
0.000000000000000 
0.000000000000000 
0.000000000000000 
0.000000000000000 
0.000000000000000 
0.000000000000000 
0.000000000000000 
0.000000000000000 
0.000000000000000 
0.000000000000000 
0.000000000000000 
0.000000000000000 
0.000000000000000 
0.000000000000000 
0.000000000000000 
0.000000000000000 
0.000000000000000 
0.000000000000000 
0.000000000000000 
0.000000000000000 
0.000000000000000 
0.000000000000000 
0.000000000000000 
0.000000000000000 
0.000000000000000 
0.000000000000000 
0.000000000000000 
0.000000000000000 
0.000000000000000 
0.000000000000000 
0.000000000000000 
0.002803340872787 
0.014544166385601 
0.027556284360328 
0.041960777921995 
0.057889327113304 
0.075485858422527 
0.094907158041749 
0.116323859127753 
0.139922708131229 
0.165907964726146 
0.194503647199345 
0.227897221703015 
0.271882028601331 
0.320103370270071 
0.372984683590642 
0.431304012693584 
0.495360046698420 
0.565399290677129 
0.641918467594192 
0.726743679703374 
0.824937823541936 
0.932588635563403 
1.050062436311354 
1.178174799591779 
1.317713305721731 
1.469983374829943 
1.638106239809459 
1.822883390931286 
2.023468527057077 
2.241079033576513 
2.476809445505798 
2.733055167094383 
3.011864336018987 
3.313289227959400 
3.638673787352547 
3.989429712730856 
4.367943871597308 
4.775524212154751 
5.213232289419490 
5.682946594212144 
6.186950640516813 
6.726478451822468 
7.303120271971999 
7.919026927958239 
8.576057755684435 
9.275938740602109 
10.021111869602899 
10.813408995825226 
11.654859019807933 
12.547810764221353 
13.494426263792683 
14.497083170968022 
15.558225252180506 
16.680374632458069 
17.866183801317153 
19.118506951635858 
20.440082257611998 
21.833876467979419 
23.302888740157837 
24.850285054155684 
26.479318718094859 
28.193378024657566 
29.995967969512272 
31.890722033668311 
33.881401870997813 
35.971900496457963 
38.166243546581327 
40.468592092006837 
42.883245381286386 
45.414645152029323 
48.067378208510753 
50.846195095138199 
53.755975274360878 
56.801742312359416 
59.988680407463072 
63.322135677399729 
66.807618781088706 
70.450808087087950 
74.257553110383441 
78.233878112503390 
82.385985822760233 
86.720261261907567 
91.243275658318254 
95.961790450016778 
100.882761367015178 
106.013342588745928 
111.360890971527894 
116.932970341164150 
122.737355846057767 
128.782038366687061 
135.075228977897297 
141.625363461223429 
148.441106865317352 
155.531358113454587 
162.905254657978787 
170.572177182368478 
178.541754352302490 
186.823867617654741 
195.428656067721136 
204.366521342168085 
213.648132600218958 
223.284431550439308 
233.286637543198168 
243.666252727472227 
254.435067273132631 
265.605164659238369 
277.188927028121384 
289.199040604183494 
301.648501175289027 
314.550619633345264 
327.919027569047785 
341.767682913659314 
356.110875617925274 
370.963233354567706 
386.339727225872991 
402.255677451320935 
418.726759001337768 
435.769007131354101 
453.398822754322964 
471.632977568209867 
490.488618825717026 
509.983273593698982 
530.134852295286919 
550.961651252564138 
572.482353842946850 
594.716029735729308 
617.682131514973321 
641.400487592297736 
665.891289803344534 
691.175073392500849 
717.272685827911005 
744.205238723203365 
771.994033279553150 
800.660442316834519 
830.225717015733835 
860.710653521034146 
892.134974089127923 
924.516049775854754 
957.865636669261676 
992.174070923415002 
0.755389777728484 
0.755389777728552 
0.755389777737163 
0.755389777876791 
0.755389778839542 
0.755389783026423 
0.755389796711966 
0.755389833575941 
0.755389919944017 
0.755390102079074 
0.755390455865004 
0.755391099224738 
0.755392207614348 
0.755394032934963 
0.755396926204333 
0.755401364329892 
0.755407981325188 
0.755417604311660 
0.755431294647792 
0.755450394527921 
0.755476579393169 
0.755511916497336 
0.755558929971087 
0.755620672728462 
0.755700805560632 
0.755803683763122 
0.755934451644273 
0.756099145264908 
0.756304803761873 
0.756559589611557 
0.756872918193973 
0.757255597023287 
0.757719975017575 
0.758280102188727 
0.758951900143510 
0.759753343798807 
0.760704654728512 
0.761828506576534 
0.763150242990380 
0.764698108553051 
0.766503493217640 
0.768601190779636 
0.771029671956206 
0.773831372680108 
0.777052998257828 
0.780745844087190 
0.784966133677826 
0.789775374768116 
0.795240734382739 
0.801435433724127 
0.808439163836244 
0.816355610034207 
0.825276758369371 
0.835293216733412 
0.846515542079350 
0.859063213704188 
0.873065195691973 
0.888660526856258 
0.906054525540682 
0.925385266942512 
0.946802457047125 
0.970492666912484 
0.996710257659962 
1.025676651028748 
1.057570177322270 
1.092688894212847 
1.131350197902171 
1.173741235938937 
1.220264670938097 
1.271180397425125 
1.326907425420899 
1.387821342961142 
1.454366024573556 
1.526975546925610 
1.606280930470030 
1.692585446476477 
1.786504024468039 
1.888416543383323 
1.998997595065805 
2.118928649095789 
2.248715828384272 
2.389050455928481 
2.540869892557430 
2.704851010814059 
2.881782580198542 
3.072485123719952 
3.277853671838526 
3.498820910835589 
3.736311328832485 
3.991387893823720 
4.265156556496209 
4.558745518415442 
4.873300743140890 
5.210092191148885 
5.570312602145320 
5.955305916187783 
6.366446732626867 
6.805164266182786 
7.272972780087928 
7.771461604094663 
8.302257962922223 
8.867033385093064 
9.467552178147074 
10.105661186967875 
10.783256490478085 
11.502308485573524 
12.264886402523993 
13.073088231405535 
13.929099596591019 
14.835212376643982 
15.793773223626399 
16.807230421231651 
17.878162188032476 
19.009181449807460 
20.202978805806843 
21.462393438383003 
22.790305346539249 
24.189734386372209 
25.663779227969982 
27.215654185429457 
28.848683681629861 
30.566307977220351 
32.372083817980432 
34.269690326100850 
36.262927939964641 
38.355721642547124 
40.552125333987661 
42.856324924483744 
45.272643512050635 
47.805543051427328 
50.459625808891019 
53.239640330065313 
56.150480867866619 
59.197191032811020 
62.384969210788427 
65.719172798565651 
69.205321966272848 
72.849103345731692 
76.656373750720604 
80.633163958935427 
84.785682563990292 
89.120319899216000 
93.643652032635458 
98.362444831391358 
103.283658093254957 
108.414449742420089 
113.762180086545015 
119.334416131937573 
125.138935953892371 
131.183733119478177 
137.477021160519485 
144.027238095083078 
150.843050996441349 
157.933360609172894 
165.307306012734870 
172.974269333468953 
180.943880506518155 
189.226022089535718 
197.830834130324007 
206.768719090649483 
216.050346828458174 
225.686659640545770 
235.688877367458161 
246.068502562011872 
256.837325722325772 
268.007430589677199 
279.591199510778438 
291.601318863229210 
304.050784541858718 
316.952907502368419 
330.321319357022958 
344.169978014965523 
358.513173356859397 
373.365532929759240 
388.742027642996732 
404.657977439048750 
421.129056904162439 
438.171300771188214 
455.801109250484728 
474.035253102372792 
492.890878334377135 
512.385510365337495 
532.537057442144487 
553.363813017039547 
574.884456684970473 
597.118053129344617 
620.084048366529828 
643.802262121835611 
668.292874671366235 
693.576405768376617 
719.673681913027735 
746.605785936604889 
774.393978760955633 
803.059575335312047 
832.623740674166015 
863.107136243056857 
894.529259294682333 
926.907067569388232 
960.251408891418350 
994.549097640189075 
0.000000000000000 
0.000000000000000 
0.000000000000000 
0.000000000000000 
0.000000000000000 
0.000000000000000 
0.000000000000000 
0.000000000000000 
0.000000000000000 
0.000000000000000 
0.000000000000000 
0.000000000000000 
0.000000000000000 
0.000000000000000 
0.000000000000000 
0.000000000000000 
0.000000000000000 
0.000000000000000 
0.000000000000000 
0.000000000000000 
0.000000000000000 
0.000000000000000 
0.000000000000000 
0.000000000000000 
0.000000000000000 
0.000000000000000 
0.000000000000000 
0.000000000000000 
0.000000000000000 
0.000000000000000 
0.000000000000000 
0.000000000000000 
0.000000000000000 
0.000000000000000 
0.000000000000000 
0.000000000000000 
0.000000000000000 
0.000000000000000 
0.000000000000000 
0.000000000000000 
0.000000000000000 
0.000000000000000 
0.000000000000000 
0.000000000000000 
0.000000000000000 
0.000000000000000 
0.000000000000000 
0.000000000000000 
0.000000000000000 
0.000000000000000 
0.000000000000000 
0.000000000000000 
0.000000000000000 
0.000000000000000 
0.000000000000000 
0.000000000000000 
0.000000000000000 
0.000000000000000 
0.000000000000000 
0.000000000000000 
0.000000000000000 
0.000000000000000 
0.000000000000000 
0.000509027497039 
0.015282984795060 
0.031713200078999 
0.049978886368782 
0.070280349637538 
0.092838694180890 
0.117902339547365 
0.145753900914124 
0.176733371685691 
0.212996896266399 
0.253512718360972 
0.298634584870057 
0.353849163048196 
0.419021424715818 
0.490927546259410 
0.570503813630889 
0.659305569800960 
0.757898930504628 
0.867292926085177 
0.987776344749130 
1.123230294305220 
1.273417783096350 
1.438535723775142 
1.619556909430232 
1.817264963999363 
2.032771003098799 
2.268893168570900 
2.525889718074501 
2.804370871046432 
3.105757610117714 
3.431401917023288 
3.782882461392023 
4.160979697140276 
4.567348515971926 
5.003428161470834 
5.470480649491750 
5.969893542867179 
6.503336652665363 
7.072535162154493 
7.679068197653020 
8.324649696056959 
9.011109458893994 
9.740328103413432 
10.514293748127978 
11.335066822036366 
12.204861096363416 
13.125928570572810 
14.100548456019423 
15.131139210033623 
16.220203886365063 
17.370352716939713 
18.584292556723714 
19.864834307349099 
21.214893625026079 
22.637493873928598 
24.135768389063323 
25.712962875157316 
27.372449074303113 
29.117719441389113 
30.952353763115475 
32.880067170646981 
34.904704174938232 
37.030239981384966 
39.260781890068699 
41.600570676170989 
44.053984752532351 
46.625543548158745 
49.319910572081866 
52.141896724888277 
55.096463780661807 
58.188727918408183 
61.423963297854300 
64.807605690088280 
68.345256169806063 
72.042684871896270 
75.905834812612028 
79.940825774154774 
84.153958250679295 
88.551717453294856 
93.140777371489577 
97.928004888481084 
102.920463948272698 
108.125419772611664 
113.550343126575200 
119.202914632092188 
125.091029129291854 
131.222800086116280 
137.606564057084995 
144.250885192429564 
151.164559798998056 
158.356620954333096 
165.836343175152393 
173.613247141087413 
181.697104473957211 
190.097942572047145 
198.826049497812079 
207.891978923901718 
217.306555098620208 
227.080877810327650 
237.226327570029326 
247.754570609825180 
258.677563948151032 
270.007560429508601 
281.757113702849779 
293.939083080626119 
306.566638404663763 
319.653264438823101 
333.212765124444445 
347.259267374210594 
361.807224297191851 
376.871417665269462 
392.466959377232683 
408.609291607791988 
425.314185239862866 
442.597736063334082 
460.476358072940798 
478.966772998480451 
498.085994932534391 
517.851308553720969 
538.280238930008068 
559.390510150731870 
581.199988940042545 
603.726607783341478 
626.988259810125442 
651.002652740409758 
675.787103594732912 
701.358244223850875 
727.731586698095498 
754.920859708309649 
782.936950772615546 
811.786126286000240 
841.466822915379453 
871.963325163824720 
903.231759079397534 
935.163849406639883 
967.472965933529167 
999.326414220759716 
0.628076329636373 
0.628076329636442 
0.628076329645324 
0.628076329789318 
0.628076330782169 
0.628076335099953 
0.628076349213372 
0.628076387229895 
0.628076476298262 
0.628076664127756 
0.628077028974769 
0.628077692449098 
0.628078835492452 
0.628080717881688 
0.628083701609245 
0.628088278493388 
0.628095102370832 
0.628105026224512 
0.628119144599405 
0.628138841659554 
0.628165845239827 
0.628202287246487 
0.628250770761412 
0.628314444205796 
0.628397082920626 
0.628503178523069 
0.628638036400375 
0.628807881706128 
0.629019974227821 
0.629282732499908 
0.629605867543163 
0.630000526619306 
0.630479447400012 
0.631057122961720 
0.631749978032574 
0.632576556935713 
0.633557723694230 
0.634716874788029 
0.636080165081654 
0.637676747475259 
0.639539026868577 
0.641702929069687 
0.644208185326839 
0.647098633211598 
0.650422534634694 
0.654232911830554 
0.658587902200885 
0.663551132959060 
0.669201262762414 
0.675616476466123 
0.682870428157645 
0.691053138210430 
0.700262338870092 
0.710603989108258 
0.722192816072174 
0.735152883816075 
0.749699516553681 
0.765909238308173 
0.783933741798509 
0.803941265235927 
0.826157933548198 
0.850762933255937 
0.877940603695615 
0.907970035177296 
0.941109061399283 
0.977550215248497 
1.017794505903997 
1.061959548322635 
1.110486761263408 
1.163655540005347 
1.221916505677543 
1.285581829548009 
1.355151767812435 
1.430927415896906 
1.513531941328473 
1.603392369615593 
1.701013113530184 
1.807187761466947 
1.922289063749915 
2.046961004767883 
2.181974635348785 
2.328092584992247 
2.485913428826383 
2.656221302294635 
2.839841063029247 
3.037653007549898 
3.250587224665354 
3.479550391981486 
3.725513567287332 
3.989498830834139 
4.272591790224985 
4.575938657722951 
4.900733859506365 
5.248211683860586 
5.619659596219922 
6.016357409810072 
6.439697481536264 
6.891126284097272 
7.372154806558770 
7.884360962389443 
8.429382397408080 
9.008916687063721 
9.624729635822325 
10.278657127936295 
10.972605873786103 
11.708557511328486 
12.488570322968826 
13.314781290967826 
14.189406471934625 
15.114740117703839 
16.093160955928710 
17.127135670689533 
18.219219910573951 
19.372062968689121 
20.588409553652628 
21.871103269700612 
23.223088940058471 
24.647415439329535 
26.147238544777622 
27.725824477556344 
29.386552530682557 
31.132916544309857 
32.968526744735577 
34.897115611371461 
36.922540330844967 
39.048785138573329 
41.279963809797017 
43.620323904269434 
46.074250138384024 
48.646267312686803 
51.341043712682406 
54.163394634706862 
57.118285902523468 
60.210837417758889 
63.446326761667180 
66.830192854879186 
70.368039677679022 
74.065640051396272 
77.928939480398441 
81.964060053477226 
86.177304402988781 
90.575159719871323 
95.164301822614448 
99.951599278356014 
104.944117574533763 
110.149123339871835 
115.574088613916331 
121.226695164802095 
127.114838855393046 
133.246634058360655 
139.630418121101656 
146.274755881624486 
153.188444236633103 
160.380516762979482 
167.860248393430311 
175.637160147298800 
183.721023915884160 
192.121867301845583 
200.849978510562352 
209.915911289911037 
219.330489913003078 
229.104814199483826 
239.250264565906718 
249.778507081167902 
260.701498519635436 
272.031491384378114 
283.781038870203133 
295.962999732823732 
308.590543003231460 
321.677152432525645 
335.236630660027288 
349.283102932480119 
363.831020235630092 
378.895161643989809 
394.490635639598963 
410.632880080113580 
427.337660405758925 
444.621065556928102 
462.499500919944580 
480.989677413842060 
500.108595555168336 
519.873522958995295 
540.301963202931915 
561.411613217909007 
583.220305246863632 
605.745927720907957 
629.006316676070924 
653.019104943025468 
677.801509714851363 
703.370026674080691 
729.739976812207829 
756.924810891054562 
784.934993273495138 
813.776106910992667 
843.445394828123653 
873.924819428617411 
905.165215335733592 
937.042761054442281 
969.198947190415197 
1000.000000000000000 
0.000000000000000 
0.000000000000000 
0.000000000000000 
0.000000000000000 
0.000000000000000 
0.000000000000000 
0.000000000000000 
0.000000000000000 
0.000000000000000 
0.000000000000000 
0.000000000000000 
0.000000000000000 
0.000000000000000 
0.000000000000000 
0.000000000000000 
0.000000000000000 
0.000000000000000 
0.000000000000000 
0.000000000000000 
0.000000000000000 
0.000000000000000 
0.000000000000000 
0.000000000000000 
0.000000000000000 
0.000000000000000 
0.000000000000000 
0.000000000000000 
0.000000000000000 
0.000000000000000 
0.000000000000000 
0.000000000000000 
0.000000000000000 
0.000000000000000 
0.000000000000000 
0.000000000000000 
0.000000000000000 
0.000000000000000 
0.000000000000000 
0.000000000000000 
0.000000000000000 
0.000000000000000 
0.000000000000000 
0.000000000000000 
0.000000000000000 
0.000000000000000 
0.000000000000000 
0.000000000000000 
0.000000000000000 
0.000000000000000 
0.000000000000000 
0.000000000000000 
0.000000000000000 
0.000000000000000 
0.000000000000000 
0.000000000000000 
0.000000000000000 
0.000000000000000 
0.000000000000000 
0.000000000000000 
0.000000000000000 
0.000000000000000 
0.000000000000000 
0.000000000000000 
0.000000000000000 
0.003941588477637 
0.020076481591661 
0.037995819837822 
0.057888269326640 
0.079965341704065 
0.104464053490097 
0.131649052636631 
0.161810606200147 
0.195581102269019 
0.234689011735698 
0.278388783506965 
0.327254117196334 
0.386826880132948 
0.456779760987155 
0.533885607782851 
0.619020627018558 
0.714007314472024 
0.819225899992850 
0.935919542001949 
1.064280321208051 
1.207875868350145 
1.367547371739276 
1.542682874432563 
1.734620551179652 
1.944168204332646 
2.172198446322682 
2.421389427512026 
2.693132998522689 
2.987361582402641 
3.305220800272976 
3.648602507159226 
4.019145141747634 
4.417801847774833 
4.845591943523586 
5.304594036336214 
5.796236604717129 
6.321689435348729 
6.882649123920480 
7.480914713901553 
8.118171539248483 
8.796366787963841 
9.517243264222477 
10.282786371520830 
11.095045160504974 
11.956142144046943 
12.868301733360314 
13.833838655915383 
14.855244242419804 
15.934979518070280 
17.075628813125068 
18.279868465871161 
19.550489030760851 
20.890380120153896 
22.302541693319704 
23.790082650781251 
25.356222793794785 
27.004295680158165 
28.737752529118737 
30.560165043614592 
32.475228510576557 
34.486772646663326 
36.598765202355310 
38.815269167313957 
41.140492356140250 
43.578781942201523 
46.134627962101369 
48.812664036902532 
51.617670402418071 
54.554577475070431 
57.628469400906333 
60.844587586907963 
64.208334261748632 
67.725276093626135 
71.401147877160525 
75.241856293407665 
79.253483743318782 
83.442292253125359 
87.814727449097489 
92.377422598507991 
97.137202713298535 
102.101088712861610 
107.276301642490608 
112.670266944410614 
118.290618778838962 
124.145204393196451 
130.242088538350117 
136.589557931551212 
143.196125766480179 
150.070536271486475 
157.221769317656367 
164.659045078739865 
172.391828745213019 
180.429835294819071 
188.783034321855155 
197.461654927246570 
206.476190671099147 
215.837404588968525 
225.556334272509815 
235.644297014498534 
246.112895017409073 
256.974020663750423 
268.239861845162409 
279.922907345720148 
292.035952272909753 
304.592103527092320 
317.604785296755551 
331.087744562126034 
345.055056583347437 
359.521130340835725 
374.500713883836852 
390.008899527550170 
406.061128818050975 
422.673197155626667 
439.861257928323937 
457.641825954578621 
476.031779961139307 
495.048363721877422 
514.709185341918101 
535.032213970489920 
556.035772933822500 
577.738527843603947 
600.159462826053755 
623.317859605218132 
647.233252386309459 
671.925355723454572 
697.413964798855773 
723.718796721669605 
750.859236480815980 
778.853913690834474 
807.719959144615814 
837.471605486322915 
868.117302537121759 
899.653002501621586 
932.043761265590092 
965.156394755396832 
998.321285286592683 
0.654193509905772 
0.654193509905841 
0.654193509914569 
0.654193510056086 
0.654193511031867 
0.654193515275415 
0.654193529146178 
0.654193566509069 
0.654193654046056 
0.654193838646138 
0.654194197220223 
0.654194849287230 
0.654195972677884 
0.654197822702624 
0.654200755130056 
0.654205253322498 
0.654211959875122 
0.654221713105440 
0.654235588739916 
0.654254947144876 
0.654281486449179 
0.654317301906686 
0.654364951847354 
0.654427530566790 
0.654508748505567 
0.654613020071501 
0.654745559460600 
0.654912484835671 
0.655120931225747 
0.655379172514892 
0.655696752895572 
0.656084628170230 
0.656555317294896 
0.657123064571350 
0.657804012909518 
0.658616388599988 
0.659580698058283 
0.660719937027891 
0.662059812758710 
0.663628979711669 
0.665459289379031 
0.667592322741424 
0.670067251290001 
0.672922682548461 
0.676206282316911 
0.679970415450804 
0.684272495563679 
0.689175354156275 
0.694747630142964 
0.701064180787308 
0.708206515086478 
0.716263250654012 
0.725330595135720 
0.735512853147284 
0.746976544434377 
0.759798593755048 
0.774109431673321 
0.790051960221142 
0.807780158294134 
0.827530440716727 
0.849435300486780 
0.873669117149103 
0.900463273567278 
0.930101882775761 
0.962741055064595 
0.998694333529469 
1.038263835261724 
1.081666554626646 
1.129485904193621 
1.181777161836169 
1.239245179155227 
1.301961062930581 
1.370573651979084 
1.445316683125287 
1.526755283939198 
1.615388328056448 
1.711667171189098 
1.816352124024762 
1.929922014262165 
2.052939133356420 
2.186090606824491 
2.330252179227857 
2.486031238099817 
2.654186057800231 
2.835503207517147 
3.030874657359913 
3.241202159300138 
3.467365263484854 
3.710376435197391 
3.971276621039323 
4.251130651606923 
4.551052081107126 
4.872241635175969 
5.215966524661969 
5.583424017760552 
5.975923522150689 
6.394853570311778 
6.841674386911462 
7.317891966661087 
7.825065991863545 
8.364829590697422 
8.938887777205156 
9.549007797248946 
10.197021400976450 
10.884829325790365 
11.614404381221888 
12.387796799841633 
13.207134368478984 
14.074626773113732 
14.992566542687424 
15.963333950606657 
16.989395028787339 
18.073293552508606 
19.217668799092539 
20.425250696109398 
21.698868498848977 
23.041451494689557 
24.456032272035920 
25.945745600510389 
27.513836704059713 
29.163663223269374 
30.898698086578701 
32.722532827181183 
34.638881228738029 
36.651580129890732 
38.764593351500793 
40.982009062684384 
43.308048576046843 
45.747071358950649 
48.303575655879811 
50.982201843948246 
53.787736380573314 
56.725115406977679 
59.799428282493082 
63.015921141739710 
66.380000503339417 
69.897236940438134 
73.573368816879309 
77.414306090123802 
81.426134180568411 
85.615117905995419 
89.987705479240091 
94.550532566720648 
99.310426405224064 
104.274409974285547 
109.449706221623416 
114.843742339403590 
120.464154089554398 
126.318790176910966 
132.415716669593223 
138.763221466659274 
145.369818813675693 
152.244253867390341 
159.395507311114102 
166.832800022722893 
174.565597797366848 
182.603616126993700 
190.956825038698895 
199.635453993686838 
208.649996848292062 
218.011216878078187 
227.730151865479684 
237.818119250800692 
248.286721345590678 
259.147850606429415 
270.413694965932905 
282.096743216197126 
294.209790437838194 
306.765943465038106 
319.778626373343116 
333.261585972036528 
347.228897276281884 
361.694968925294575 
376.674548500754156 
392.182727683412907 
408.234947163922698 
424.847001194203187 
442.035041625394740 
459.815581223468939 
478.205495978040858 
497.222026015142205 
516.882774577403438 
537.205704324648991 
558.209129900931202 
579.911705252325646 
602.332403577310856 
625.490487460220493 
649.405462057099612 
674.097004402212065 
699.584856334167625 
725.888656967225415 
753.027673061114569 
781.020346433240320 
809.883490755453295 
839.630757526135312 
870.269403717494583 
901.792491329258155 
934.155996218994915 
967.188578367869695 
1000.000000000000000 
0.000000000000000 
0.000000000000000 
0.000000000000000 
0.000000000000000 
0.000000000000000 
0.000000000000000 
0.000000000000000 
0.000000000000000 
0.000000000000000 
0.000000000000000 
0.000000000000000 
0.000000000000000 
0.000000000000000 
0.000000000000000 
0.000000000000000 
0.000000000000000 
0.000000000000000 
0.000000000000000 
0.000000000000000 
0.000000000000000 
0.000000000000000 
0.000000000000000 
0.000000000000000 
0.000000000000000 
0.000000000000000 
0.000000000000000 
0.000000000000000 
0.000000000000000 
0.000000000000000 
0.000000000000000 
0.000000000000000 
0.000000000000000 
0.000000000000000 
0.000000000000000 
0.000000000000000 
0.000000000000000 
0.000000000000000 
0.000000000000000 
0.000000000000000 
0.000000000000000 
0.000000000000000 
0.000000000000000 
0.000000000000000 
0.000000000000000 
0.000000000000000 
0.000000000000000 
0.000000000000000 
0.000000000000000 
0.000000000000000 
0.000000000000000 
0.000000000000000 
0.000000000000000 
0.000000000000000 
0.000000000000000 
0.000000000000000 
0.000000000000000 
0.000000000000000 
0.000000000000000 
0.000000000000000 
0.000000000000000 
0.000000000000000 
0.000000000000000 
0.000000000000000 
0.000000000000000 
0.000000000000000 
0.010243487138238 
0.027917002754725 
0.047519795438901 
0.069256330860837 
0.093355370065005 
0.120066911938978 
0.149671984072538 
0.182487891697844 
0.219630933129286 
0.262260973672846 
0.309662800885157 
0.362923989504752 
0.429338598641058 
0.504852776593838 
0.587970504097716 
0.679692836846895 
0.782188862282978 
0.895329475326549 
1.020659530513493 
1.158356993840756 
1.312605264016844 
1.483433166370542 
1.670583298589061 
1.875382659917445 
2.098754659537717 
2.341636499876771 
2.606618703798499 
2.895514775473825 
3.207945209026152 
3.545199994637596 
3.908974222535459 
4.301468270825693 
4.723524512577487 
5.176070985885970 
5.660898429060053 
6.180278711188763 
6.735063553347450 
7.326895648148382 
7.957775395540677 
8.629389329739821 
9.343697304741477 
10.102743311257724 
10.908407798111167 
11.762873741051793 
12.668325171468897 
13.627057062174732 
14.641463109139979 
15.714029534013601 
16.847402324144454 
18.044272794293807 
19.307390463354565 
20.639636180367241 
22.043987707263064 
23.523543547278194 
25.081508825464642 
26.721195525893648 
28.446034511110604 
30.259576841482023 
32.165496892593225 
34.167600681034472 
36.269818303444460 
38.476206740127807 
40.790958443934464 
43.218429732340148 
45.763077119302977 
48.429511516951251 
51.222490260953272 
54.146920493277747 
57.207862856594531 
60.410535039009318 
63.760315264340747 
67.262745813441398 
70.923536615093866 
74.748568919669580 
78.743899058130523 
82.915762284895990 
87.270576701545366 
91.814947257658673 
96.555669824734963 
101.499735338930435 
106.654334008285446 
112.026859580206150 
117.624913665234459 
123.456310113595137 
129.529079441634281 
135.851473306018875 
142.431969024406783 
149.279274142168589 
156.402331045572510 
163.810321622583132 
171.512671973046793 
179.519057170472621 
187.839406077892534 
196.483906220376099 
205.463008716690865 
214.787433272382771 
224.468173236181997 
234.516500721184002 
244.943971791689250 
255.762431715924038 
266.984020284108283 
278.621177190428057 
290.686647476377232 
303.193487031587892 
316.155068146502799 
329.585085108999351 
343.497559834045830 
357.906847511448120 
372.827642251353438 
388.274982699895872 
404.264257587609166 
420.811211160025437 
437.931948422154960 
455.642940104565753 
473.961027226351689 
492.903425086233142 
512.487726452751303 
532.731903641386793 
553.654309050516417 
575.273673565025433 
597.609102004243482 
620.680064613352670 
644.506382671102301 
669.108205631584610 
694.505976120959758 
720.720376657045108 
747.772248008228416 
775.682461790242087 
804.471715495692706 
834.160187829266420 
864.766922869215705 
896.308635334363089 
928.797104090288030 
962.231905756175706 
996.560151346670636 
0.681620393172265 
0.681620393172334 
0.681620393181008 
0.681620393321679 
0.681620394291614 
0.681620398509733 
0.681620412297378 
0.681620449436387 
0.681620536448835 
0.681620719942759 
0.681621076368201 
0.681621724527899 
0.681622841186982 
0.681624680125997 
0.681627594981681 
0.681632066219855 
0.681638732584932 
0.681648427370619 
0.681662219856542 
0.681681462255782 
0.681707842518603 
0.681743443338217 
0.681790807705099 
0.681853011357266 
0.681933742475327 
0.682037388972805 
0.682169133734443 
0.682335058158320 
0.682542254361258 
0.682798946411978 
0.683114620962479 
0.683500167655743 
0.683968029697243 
0.684532364989143 
0.685209218239997 
0.686016704479341 
0.686975204426365 
0.688107572185147 
0.689439355766068 
0.690999030964350 
0.692818249162449 
0.694932099663276 
0.697379387206063 
0.700202925365740 
0.703449846589324 
0.707171929678397 
0.711425945583198 
0.716274022430022 
0.721784030755812 
0.728029989969438 
0.735092497093067 
0.743092371199446 
0.752099928277200 
0.762214809725066 
0.773549128083352 
0.786224111172720 
0.800370685266702 
0.816150904930641 
0.833755858193972 
0.853297660556774 
0.874953001692418 
0.898933307148236 
0.925511810261070 
0.954824257157804 
0.987121280685577 
1.022771834381910 
1.061920411543510 
1.104942067690399 
1.152129317497069 
1.203891856420310 
1.260715194845303 
1.322820249191043 
1.390690329891647 
1.464725598969781 
1.545327544386179 
1.633118829620799 
1.728492010389565 
1.832113866123966 
1.944596013312585 
2.066445048215846 
2.198326892073090 
2.341088105979253 
2.495381388649418 
2.661974407943529 
2.841667568028815 
3.035284161264153 
3.243759518212468 
3.467947533738946 
3.708841253983932 
3.967492634704939 
4.244998658340962 
4.542474327641376 
4.861079922237296 
5.202046964091849 
5.566594686747118 
5.956058513266246 
6.371805704315528 
6.815272584840446 
7.287973435811053 
7.791485151251528 
8.327426565542851 
8.897480052845898 
9.503417954303938 
10.147077303949224 
10.830359393206141 
11.555242876920646 
12.323767276377739 
13.138052548926133 
14.000306022139203 
14.912808015235001 
15.877930797287359 
16.898131706543470 
17.975962315954781 
19.114073511602218 
20.315190270810124 
21.582130554324337 
22.917817947529283 
24.325288397501257 
25.807653478507849 
27.368142106581647 
29.010097710609390 
30.736978586976875 
32.552360281588506 
34.459950423778928 
36.463563702522755 
38.567139023799463 
40.774750238299561 
43.090603710716074 
45.519049638635941 
48.064571041528929 
50.731789104533917 
53.525469838763421 
56.450528347689144 
59.512032477946079 
62.715206357363016 
66.065433950765367 
69.568262671751881 
73.229407062674525 
77.054752546605542 
81.050359251919076 
85.222465908697302 
89.577493815352994 
94.122050873286412 
98.862935686949953 
103.807141726384700 
108.961861549122602 
114.334491078361921 
119.932633934495243 
125.764105817439017 
131.836938937716042 
138.159386494872592 
144.739927202504134 
151.587269859884429 
158.710357970867449 
166.118374411327721 
173.820746146906686 
181.827149003155967 
190.147512490379114 
198.792024685510683 
207.771137173263810 
217.095570048567254 
226.776316981950202 
236.824650349109334 
247.252126425355470 
258.070590644999754 
269.292182925013321 
280.929343051388116 
292.994816125540183 
305.501658066728396 
318.463241164654619 
331.893259674111505 
345.805735440421188 
360.215023540265577 
375.135817916957592 
390.583156981709521 
406.572429142420560 
423.119378207941395 
440.240108597583628 
457.951090261049046 
476.269163180688622 
495.211541282846611 
514.795815523194847 
535.039955825642210 
555.962311435347488 
577.581609078763449 
599.916948088583354 
622.987791476568418 
646.813950906735045 
671.415562952443452 
696.813052846830033 
723.027079323858516 
750.078450059706483 
777.987989540787567 
806.776326020003239 
836.463532183408802 
867.068480569955454 
898.607586929056538 
931.092051243258538 
964.520074316694036 
998.832690107503254 
0.000000000000000 
0.000000000000000 
0.000000000000000 
0.000000000000000 
0.000000000000000 
0.000000000000000 
0.000000000000000 
0.000000000000000 
0.000000000000000 
0.000000000000000 
0.000000000000000 
0.000000000000000 
0.000000000000000 
0.000000000000000 
0.000000000000000 
0.000000000000000 
0.000000000000000 
0.000000000000000 
0.000000000000000 
0.000000000000000 
0.000000000000000 
0.000000000000000 
0.000000000000000 
0.000000000000000 
0.000000000000000 
0.000000000000000 
0.000000000000000 
0.000000000000000 
0.000000000000000 
0.000000000000000 
0.000000000000000 
0.000000000000000 
0.000000000000000 
0.000000000000000 
0.000000000000000 
0.000000000000000 
0.000000000000000 
0.000000000000000 
0.000000000000000 
0.000000000000000 
0.000000000000000 
0.000000000000000 
0.000000000000000 
0.000000000000000 
0.000000000000000 
0.000000000000000 
0.000000000000000 
0.000000000000000 
0.000000000000000 
0.000000000000000 
0.000000000000000 
0.000000000000000 
0.000000000000000 
0.000000000000000 
0.000000000000000 
0.000000000000000 
0.000000000000000 
0.000000000000000 
0.000000000000000 
0.000000000000000 
0.000000000000000 
0.000000000000000 
0.000000000000000 
0.000000000000000 
0.000000000000000 
0.001658866310364 
0.019147005394198 
0.038532457065865 
0.060014960193315 
0.083812028704122 
0.110167669090302 
0.139355840387807 
0.171678982328663 
0.207572012936591 
0.248769468398027 
0.295314957365845 
0.346894609020155 
0.406311782586473 
0.480617622083608 
0.562360950476120 
0.652244690949471 
0.751786503757581 
0.862689621415570 
0.984987819728704 
1.120054408774158 
1.268694344172321 
1.435454330899751 
1.618960333107621 
1.819770200875243 
2.039126682655127 
2.278101885799142 
2.537778712215646 
2.821009741461364 
3.129070187872207 
3.461846087593322 
3.820718510476699 
4.207457740966257 
4.624484239213847 
5.072374082080496 
5.552232434137036 
6.065883143928475 
6.615711619917143 
7.202647723898957 
7.828361327697623 
8.494909502511609 
9.204073007024277 
9.957746402221435 
10.758298548847849 
11.607534796634326 
12.507730228590448 
13.461185283528067 
14.470239357009600 
15.537389227133275 
16.665198556547690 
17.856357138689518 
19.113730977542843 
20.440154517748709 
21.838617051288097 
23.312163905358638 
24.863993796085598 
26.497398681887702 
28.215798751889068 
30.022730612098009 
31.921855706090170 
33.916961999563931 
36.011966053078339 
38.210914362176013 
40.517987027514792 
42.937500967911191 
45.473914773356697 
48.131837756064314 
50.916029470409356 
53.831371886415951 
56.882908601930225 
60.075840144827716 
63.415527128090929 
66.907493825111629 
70.557431815711112 
74.371203665635448 
78.354846659621217 
82.514576604606532 
86.856791710399818 
91.388076549269243 
96.115206092932880 
101.045149823968970 
106.185075917931016 
111.542355492109067 
117.124566916796084 
122.939500185057227 
128.995161337349657 
135.299776937869268 
141.861798600182851 
148.689907560493566 
155.793019297724726 
163.180288200432699 
170.861112281332595 
178.845137940871098 
187.142264781795745 
195.762650477019804 
204.716715693248005 
214.015149072848487 
223.668912276297760 
233.689245087248480 
244.087670581867712 
254.876000363581511 
266.066339863763687 
277.671093708184969 
289.702971148202380 
302.174991554658220 
315.100489971199977 
328.493122722163207 
342.366873068108703 
356.736056899414393 
371.615328454765688 
387.019686046597940 
402.964477769171822 
419.465407156350352 
436.538538744607649 
454.200303481257379 
472.467503896927951 
491.357318933005217 
510.887308276305305 
531.075416000708969 
551.939973243136365 
573.499699540695701 
595.773702315821765 
618.781473843399340 
642.542884648988888 
667.078171809439368 
692.407919978702466 
718.553031780679817 
745.534682203386524 
773.374248069342343 
802.093196942117629 
831.712906282525182 
862.254354081372867 
893.737550818437398 
926.180383134932299 
959.595707993488759 
993.977577747084752 
0.709283721422186 
0.709283721422255 
0.709283721430846 
0.709283721570128 
0.709283722530500 
0.709283726707037 
0.709283740358757 
0.709283777131634 
0.709283863286276 
0.709284044971240 
0.709284397882895 
0.709285039652765 
0.709286145303359 
0.709287966113362 
0.709290852233231 
0.709295279392194 
0.709301880037751 
0.709311479248849 
0.709325135764103 
0.709344188466657 
0.709370308667610 
0.709405558530549 
0.709452455980273 
0.709514046439936 
0.709593981742125 
0.709696606561154 
0.709827052716196 
0.709991341698054 
0.710196495776143 
0.710450658047401 
0.710763221795071 
0.711144969533163 
0.711608222122116 
0.712166998352938 
0.712837185411536 
0.713636720652110 
0.714585785128915 
0.715707009359906 
0.717025691823906 
0.718570030725389 
0.720371369598235 
0.722464457361701 
0.724887723488612 
0.727683568997066 
0.730898674032226 
0.734584322863222 
0.738817233045673 
0.743652150592807 
0.749147078083737 
0.755375784089868 
0.762418583695079 
0.770362786771252 
0.779303170290206 
0.789342475712165 
0.800591932437987 
0.813177855336349 
0.827272835954294 
0.842974220610756 
0.860433485983077 
0.879813660652515 
0.901320596180249 
0.925178445026560 
0.951530716781737 
0.980594184856407 
1.012746535486104 
1.048116738029038 
1.086982003280869 
1.129727689309031 
1.176541866635722 
1.227942862372535 
1.284130578299260 
1.345845776864798 
1.413216676130913 
1.486753615014530 
1.566760482828568 
1.653924891725317 
1.748661551153316 
1.851476402231429 
1.963192560220553 
2.084202769939448 
2.215168037772415 
2.356913955737854 
2.510109948958740 
2.675538249983703 
2.854019645448338 
3.046341191797899 
3.253466383369497 
3.476210723103160 
3.715561670046025 
3.972560717494573 
4.248306457648306 
4.543946411955191 
4.860645458231341 
5.199592333519815 
5.561991417063092 
5.949189001108456 
6.362575839417469 
6.803573646838458 
7.273674019075903 
7.774451907323471 
8.307546417176837 
8.874640912462969 
9.477478542264301 
10.117897698273961 
10.797803572412759 
11.519166723184338 
12.284045250411854 
13.094562005497901 
13.952898993282140 
14.861350261289200 
15.822276331689611 
16.838131411067785 
17.911477653204120 
19.044945365196405 
20.241271577038678 
21.503311364500952 
22.833927268157677 
24.236148151673500 
25.713083204786045 
27.267958085067871 
28.904107184453977 
30.624980534917594 
32.434144447387624 
34.335287908880225 
36.332220448813715 
38.428875968119485 
40.629317547814601 
42.937740346452941 
45.358476853715146 
47.895998028524396 
50.554916030461492 
53.339989192799827 
56.256120813871767 
59.308364459934552 
62.501928719631771 
65.842181299994721 
69.334652839891675 
72.985040648497119 
76.799212458917083 
80.783210232599373 
84.943254028044706 
89.285745938387009 
93.817274098592804 
98.544616761220595 
103.474746438714391 
108.614834109628219 
113.972253485865934 
119.554585337905820 
125.369621875068049 
131.425371178151210 
137.730061682197601 
144.292146707705371 
151.120309039261514 
158.223465551257362 
165.610771881021776 
173.291627150339764 
181.275678736840405 
189.572827097147723 
198.193230643948311 
207.147310679241428 
216.445756386021287 
226.099529880472375 
236.119871326487356 
246.518304113937006 
257.306640101627920 
268.496984925320135 
280.101743370472605 
292.133624808561706 
304.605648694814988 
317.531150123924533 
330.923785438710581 
344.797537884598285 
359.166723300003810 
374.045995829064054 
389.450353638204092 
405.395144611482920 
421.896071990789324 
438.969199915105435 
456.630958797085896 
474.898150453683456 
493.787952878497549 
513.317924504046800 
533.506007748235334 
554.370531564955513 
575.930212615441178 
598.204154533362498 
621.211844606893578 
644.973146774328711 
669.508289360080994 
694.837845312091872 
720.982701450448872 
747.964011142205891 
775.803121083375572 
804.521455794252461 
834.140329101312886 
864.680620428148131 
896.162177435314788 
928.602591807074077 
962.014083850249108 
996.388332546814127 
