0.000000000000000 
0.000000000000000 
0.000000000000000 
0.000000000000000 
0.000000000000000 
0.000000000000000 
0.000000000000000 
0.000000000000000 
0.000000000000000 
0.000000000000000 
0.000000000000000 
0.000000000000000 
0.000000000000000 
0.000000000000000 
0.000000000000000 
0.000000000000000 
0.000000000000000 
0.000000000000000 
0.000000000000000 
0.000000000000000 
0.000000000000000 
0.000000000000000 
0.000000000000000 
0.000000000000000 
0.000000000000000 
0.000000000000000 
0.000000000000000 
0.000000000000000 
0.000000000000000 
0.000000000000000 
0.000000000000000 
0.000000000000000 
0.000000000000000 
0.000000000000000 
0.000000000000000 
0.000000000000000 
0.000000000000000 
0.000000000000000 
0.000000000000000 
0.000000000000000 
0.000000000000000 
0.000000000000000 
0.000000000000000 
0.000000000000000 
0.000000000000000 
0.000000000000000 
0.000000000000000 
0.000000000000000 
0.000000000000000 
0.000000000000000 
0.000000000000000 
0.000000000000000 
0.000000000000000 
0.000000000000000 
0.000000000000000 
0.000000000000000 
0.000000000000000 
0.000000000000000 
0.000000000000000 
0.000000000000000 
0.000000000000000 
0.000000000000000 
0.000000000000000 
0.000000000000000 
0.000000000000000 
0.000000000000000 
0.000000000000000 
0.000000000000000 
0.000000000000000 
0.000000000000000 
0.000000000000000 
0.000000000000000 
0.000000000000000 
0.000000000000000 
0.000000000000000 
0.000000000000000 
0.000000000000000 
0.000000000000000 
0.000000000000000 
0.000000000000000 
0.000000000000000 
0.000000000000000 
0.000000000000000 
0.000000000000000 
0.000000000000000 
0.000000000000000 
0.000000000000000 
0.000000000000000 
0.005673679161620 
0.012427962123503 
0.019675674077775 
0.027448593025567 
0.035780434119139 
0.044707011384108 
0.054266389895643 
0.064498782906002 
0.075446887377661 
0.087156127742090 
0.099674866875557 
0.113054715244797 
0.127349958864627 
0.142618451706755 
0.158921940208883 
0.176326492741379 
0.199342263208993 
0.224533676009450 
0.251390299674665 
0.279985868651543 
0.310466420128664 
0.343134150557497 
0.378011002174192 
0.415108150162365 
0.454542089664286 
0.496450061698573 
0.540984529113072 
0.589173770001461 
0.643170468010198 
0.700867952863965 
0.762130973762713 
0.827208145878651 
0.896344657334121 
0.969642956104780 
1.047378286766299 
1.129829356971463 
1.217435061414255 
1.311876281603606 
1.412755752065941 
1.519597022644315 
1.632602938772620 
1.752043194323363 
1.878201511262336 
2.011544311029776 
2.152824366935806 
2.302998516171697 
2.461756858543577 
2.629107617296603 
2.805467836042767 
2.991140541918714 
3.186683919393882 
3.392944146350651 
3.610253188409024 
3.838711543519564 
4.078715570600187 
4.330570907115534 
4.594941813523467 
4.872441963491050 
5.163361927047225 
5.468144030861071 
5.787202048584653 
6.121090545114788 
6.470340885522075 
6.835382890445974 
7.216690488217438 
7.614796672937231 
8.030355366859316 
8.463819191155546 
8.915673814134305 
9.386517669893154 
9.876952937467420 
10.387519608450052 
10.918817656391791 
11.471487348064091 
12.046170347682782 
12.643526168991889 
13.264183196709890 
13.908832134720321 
14.578170232006354 
15.272904046044722 
15.993774037480399 
16.741532977820668 
17.516955299571713 
18.320836779246612 
19.153993717836236 
20.017266679671430 
20.911538273926219 
21.837663717524439 
22.796554941087308 
23.789126361867638 
24.816328152604584 
25.879127473933170 
26.978518934883486 
28.115519264849567 
29.291169728694335 
30.506535711669592 
31.762707196984529 
33.060799000780506 
34.401951106364677 
35.787328998474592 
37.218124049035481 
38.695553872431375 
40.220862714359711 
41.795321834102644 
43.420231821449221 
45.096922817342147 
46.826745836783275 
48.611082003354369 
50.451342372769460 
52.348968002836074 
54.305430165494940 
56.322230643792977 
58.400902084278897 
60.543008401786928 
62.750145168389587 
65.023939947814384 
67.366052934073679 
69.778177505805559 
72.262040736647577 
74.819403886406718 
77.452062891269875 
80.161848863239058 
82.950628603936437 
85.820305132148889 
88.772818219345297 
91.810144929725922 
94.934300163572431 
98.147337203650537 
101.451348264779455 
104.848465046765881 
108.340859290885021 
111.930743340052388 
115.620370702795555 
119.412036621116513 
123.308078642325270 
127.310877194929873 
131.422856168671331 
135.646483498803491 
139.984271754724830 
144.438778733075253 
149.012608055415114 
153.708409770601122 
158.528880961968554 
163.476766359418320 
168.554858956491159 
173.766000632493274 
179.113082779706104 
184.599046935687113 
190.226885420627696 
195.999641979689329 
201.920412430187667 
207.992345313772006 
214.218642552062533 
220.602560105912232 
227.147408642314645 
233.856554200315742 
240.733418860279812 
247.781481414971097 
255.004278041183738 
262.405402970623243 
269.988509158453212 
277.757308947482329 
285.715574654095519 
293.867139346922670 
302.215897465900923 
310.765805364517519 
319.520881944636301 
328.485209228511508 
337.662932897149460 
347.058262786872035 
356.675473334347032 
366.518903958489432 
376.592959365415595 
386.902109760018675 
397.450890944632192 
408.243904281568462 
419.285816491965193 
430.581359258186922 
442.135328590832387 
453.952583914003981 
466.038046813560300 
478.396699382274164 
491.033582082633018 
503.953791031793003 
517.162474593067941 
530.664829133045828 
544.466093771389410 
558.571543909176398 
572.986483267920676 
587.716234099684925 
602.766125137102676 
618.141476733410400 
633.847582371304497 
649.889685718311171 
666.272951807905315 
683.002430559889604 
700.083010121230473 
717.519356447939458 
735.315833942309837 
753.476399468155250 
772.004458101605678 
790.902662482605479 
810.172626654556780 
829.814506030063285 
849.826359936816857 
870.203145752490627 
890.935057057983272 
912.004623734271945 
933.381311436512419 
955.010674772403263 
976.790424239025242 
998.367249021088128 
0.662633717248695 
0.662633717248699 
0.662633717249213 
0.662633717257512 
0.662633717314751 
0.662633717563672 
0.662633718377311 
0.662633720568967 
0.662633725703767 
0.662633736532157 
0.662633757565622 
0.662633795814980 
0.662633861711531 
0.662633970231428 
0.662634142243542 
0.662634406101184 
0.662634799497963 
0.662635371608155 
0.662636185531827 
0.662637321065121 
0.662638877815952 
0.662640978685500 
0.662643773735762 
0.662647444463553 
0.662652208501251 
0.662658324764621 
0.662666099068103 
0.662675890227845 
0.662688116672928 
0.662703263585094 
0.662721890587393 
0.662744640002182 
0.662772245698904 
0.662805542552115 
0.662845476530304 
0.662893115436060 
0.662949660318215 
0.663016457576658 
0.663095011780657 
0.663186999221492 
0.663294282220528 
0.663418924213784 
0.663563205634386 
0.663729640614410 
0.663920994527862 
0.664140302396807 
0.664390888182973 
0.664676384987446 
0.665000756181575 
0.665368317492532 
0.665783760067540 
0.666252174541364 
0.666779076132271 
0.667370430792370 
0.668032682439102 
0.668772781295447 
0.669598213367460 
0.670517031088785 
0.671537885162987 
0.672670057635788 
0.673923496230694 
0.675308849982993 
0.676837506208656 
0.678521628846387 
0.680374198212823 
0.682409052212741 
0.684640929048065 
0.687085511471373 
0.689759472631639 
0.692680523561868 
0.695867462360198 
0.699340225117882 
0.703119938649139 
0.707234849870127 
0.711704490294337 
0.716552788504990 
0.721806240275560 
0.727492826600723 
0.733642078471792 
0.740285143854245 
0.747454856920952 
0.755195992329597 
0.763548232028306 
0.772538204762204 
0.782206329264998 
0.792595096100406 
0.803752857651612 
0.815747095291824 
0.828604492712827 
0.842376762433693 
0.857121775366470 
0.872927604869825 
0.889821297077213 
0.907865313313239 
0.927160698151074 
0.947753122846659 
0.969704110131777 
0.993132006114963 
1.018078471022814 
1.044653088666333 
1.072968133520161 
1.103062654550217 
1.135086838608780 
1.169080085149011 
1.205254910181856 
1.243616750076974 
1.284518763862041 
1.327855437283783 
1.373835231841490 
1.422514643319001 
1.474058240981445 
1.528630294187483 
1.586333083892710 
1.647420561655007 
1.711962922418958 
1.780116205029066 
1.852124228331421 
1.928111042178069 
2.008260448266132 
2.092818867454697 
2.182033220228251 
2.276043981120688 
2.375052846950100 
2.479294219362865 
2.589008646937782 
2.704403524261118 
2.825723963675005 
2.953221022433409 
3.087183060171068 
3.227904193766487 
3.375648354298061 
3.530689793084203 
3.693312913679334 
3.863821159601938 
4.042534905151590 
4.229786039544527 
4.425924610614700 
4.631278954572966 
4.846200773215152 
5.071045352809669 
5.306184115009408 
5.552003151833167 
5.808903032509027 
6.077299635440257 
6.357613384720691 
6.650269063287395 
6.955708768212791 
7.274389173022274 
7.606772769050400 
7.953317679259866 
8.314509956674316 
8.690850248339139 
9.082854236558390 
9.491051510928887 
9.915979373099550 
10.358188839715046 
10.818248187324347 
11.296740156412968 
11.794259893257117 
12.311418139255803 
12.848842427155553 
13.407175368102330 
13.987074246864545 
14.589211228128057 
15.214275315080947 
15.862973303324976 
16.536028417578176 
17.234181423735023 
17.958191428233846 
18.708835941840768 
19.486911170364060 
20.293232581055737 
21.128635343110737 
21.993974442311018 
22.890124159663014 
23.817978156012874 
24.778452183905234 
25.772482752124912 
26.801028467339115 
27.865069493295195 
28.965608323792672 
30.103670366040649 
31.280304031242515 
32.496581264572384 
33.753597751941903 
35.052473489352238 
36.394353135729837 
37.780406472800500 
39.211828761875559 
40.689841176407398 
42.215691200786878 
43.790653047295521 
45.416028046418354 
47.093144875325102 
48.823359828254254 
50.608057848549244 
52.448652885688205 
54.346588279523715 
56.303337157514960 
58.320402837135944 
60.399319252040854 
62.541651408939515 
64.748995841962824 
67.022981246446349 
69.365268971208323 
71.777553499694932 
74.261562929525880 
76.819059462285111 
79.451839906972296 
82.161736197854168 
84.950615924547250 
87.820382864825831 
90.772977519940014 
93.810377652910134 
96.934598830136267 
100.147694966559754 
103.451758874538484 
106.848922816544999 
110.341359061761835 
113.931280446629785 
117.620940939397968 
121.412636208725090 
125.308704196389414 
129.311525694174065 
133.423524925004358 
137.647170128423511 
141.984974150501102 
146.439495038271133 
151.013336638800411 
155.709149202981365 
160.529629994139583 
165.477523901530731 
170.555624058788908 
175.766772467366707 
181.113860624977519 
186.599830159023639 
192.227673464954222 
198.000434349448028 
203.921208678264691 
209.993145028525277 
216.219445345208868 
222.603365601825715 
229.148216464438008 
235.857363957788721 
242.734230133853345 
249.782293741562626 
257.005090896572028 
264.406215749706234 
271.989321152368234 
279.758119316719274 
287.716382470983717 
295.867943509562110 
304.216696618529568 
312.766597885518308 
321.521665893113777 
330.485982281289409 
339.663692274489506 
349.059005164945347 
358.676194742178609 
368.519599656738023 
378.593623703934782 
388.902736010666331 
399.451471105230894 
410.244428846270068 
421.286274182505792 
432.581736709611903 
444.135609984199846 
455.952750547284836 
468.038076600393651 
480.396566266330467 
493.033255352973811 
505.953234521665422 
519.161645740820973 
532.663677879058014 
546.464561258663139 
560.569560947108926 
574.983968508156750 
589.713091859575229 
604.762242782126464 
620.136721476185585 
635.841797394710056 
651.882685374112157 
668.264515612463811 
684.992295586893533 
702.070861219331164 
719.504813450754227 
737.298434633119655 
755.455576414514667 
773.979506410443037 
792.872693714793741 
812.136500933661523 
831.770728450468027 
851.772915798901636 
872.137225018080017 
892.852563780749961 
913.899228382240153 
935.242401400877043 
956.818132677156427 
978.498650432170734 
1000.000000000000000 
0.000000000000000 
0.000000000000000 
0.000000000000000 
0.000000000000000 
0.000000000000000 
0.000000000000000 
0.000000000000000 
0.000000000000000 
0.000000000000000 
0.000000000000000 
0.000000000000000 
0.000000000000000 
0.000000000000000 
0.000000000000000 
0.000000000000000 
0.000000000000000 
0.000000000000000 
0.000000000000000 
0.000000000000000 
0.000000000000000 
0.000000000000000 
0.000000000000000 
0.000000000000000 
0.000000000000000 
0.000000000000000 
0.000000000000000 
0.000000000000000 
0.000000000000000 
0.000000000000000 
0.000000000000000 
0.000000000000000 
0.000000000000000 
0.000000000000000 
0.000000000000000 
0.000000000000000 
0.000000000000000 
0.000000000000000 
0.000000000000000 
0.000000000000000 
0.000000000000000 
0.000000000000000 
0.000000000000000 
0.000000000000000 
0.000000000000000 
0.000000000000000 
0.000000000000000 
0.000000000000000 
0.000000000000000 
0.000000000000000 
0.000000000000000 
0.000000000000000 
0.000000000000000 
0.000000000000000 
0.000000000000000 
0.000000000000000 
0.000000000000000 
0.000000000000000 
0.000000000000000 
0.000000000000000 
0.000000000000000 
0.000000000000000 
0.000000000000000 
0.000000000000000 
0.000000000000000 
0.000000000000000 
0.000000000000000 
0.000000000000000 
0.000000000000000 
0.000000000000000 
0.000000000000000 
0.000000000000000 
0.000000000000000 
0.000000000000000 
0.000000000000000 
0.000000000000000 
0.000000000000000 
0.000000000000000 
0.000000000000000 
0.000000000000000 
0.000000000000000 
0.000000000000000 
0.000000000000000 
0.000000000000000 
0.000000000000000 
0.000000000000000 
0.000000000000000 
0.000000000000000 
0.000000000000000 
0.000000000000000 
0.005586681987579 
0.012763693565413 
0.020458986777241 
0.028705257583267 
0.037537414876915 
0.046992463163447 
0.057109638433099 
0.067930608551856 
0.079499924821121 
0.091864046512957 
0.105072644307707 
0.119178534569768 
0.134238261894830 
0.150311423782783 
0.167460878596601 
0.185754013363064 
0.208343522218433 
0.234807576374423 
0.262978489856883 
0.292961775757114 
0.324854423346676 
0.358935511196511 
0.395433861015141 
0.434211357386768 
0.475411258464495 
0.519169803174317 
0.565630423667191 
0.614949303479195 
0.670052582955125 
0.730164088341855 
0.793886513119331 
0.861470620235903 
0.933272730108690 
1.009446780590908 
1.090077534961247 
1.175539361169975 
1.266065702819689 
1.362627891820850 
1.466719073728349 
1.577238292478816 
1.694097474396677 
1.817637862826213 
1.948074048047158 
2.085728045711411 
2.230958229164451 
2.385015829277171 
2.548692251298291 
2.721342028636664 
2.903159193403415 
3.094476809649288 
3.295808005537652 
3.507650862383456 
3.731068740664330 
3.966307146457272 
4.213287635562510 
4.472405970176442 
4.744283104364869 
5.029457329439892 
5.328690700002585 
5.642188425059491 
5.970228937711935 
6.313413009984675 
6.672484235786083 
7.047934461215432 
7.440088118601745 
7.849417455677381 
8.276601855590394 
8.722260380356648 
9.186850151180911 
9.671014830973503 
10.175302891960580 
10.700334554301989 
11.246696082956712 
11.815034538639246 
12.405989881312060 
13.020217346085438 
13.658399041788570 
14.321246065632874 
15.009510507974669 
15.723865614166602 
16.465078222101695 
17.233925083656317 
18.031174318673610 
18.857645273141962 
19.714163259116475 
20.601577445114692 
21.520761465361595 
22.472608142134405 
23.458034907712051 
24.477980397978307 
25.533432213989620 
26.625353361750307 
27.754762030741830 
28.922679951032393 
30.130167122811244 
31.378300671980064 
32.668187550602397 
34.000957503585639 
35.377767126776710 
36.799798382613666 
38.268259841754634 
39.784386647499211 
41.349441039218142 
42.964712664830543 
44.631518981881840 
46.351205641958678 
48.125146892840164 
49.954745990639857 
51.841435626437196 
53.786678371083596 
55.791967142526886 
57.858826881660889 
59.988815765575694 
62.183517537985900 
64.444548757814360 
66.773559008879445 
69.172231238673021 
71.642282155920640 
74.185462638952728 
76.803558155972127 
79.498389177308127 
82.271811632936291 
85.125717431840556 
88.062034998869535 
91.082729818951719 
94.189804984795259 
97.385301747078955 
100.671300067210680 
104.049919173006288 
107.523318117627312 
111.093696342020650 
114.763294241009532 
118.534393733117795 
122.409318834169682 
126.390436234691322 
130.480155881142281 
134.680931561017445 
138.995261491879859 
143.425688914407942 
147.974802689560903 
152.645237899988103 
157.439676455823758 
162.360847705021484 
167.411529048387877 
172.594546559483291 
177.912775609549016 
183.369141497619069 
188.966620085963541 
194.708238440995729 
200.597075479763106 
206.636262622119261 
212.828984448655689 
219.178479364451505 
225.688040268671159 
232.361015230016449 
239.200808168009814 
246.210879540055259 
253.394747034183240 
260.755986267351716 
268.298231489119985 
276.025176290462866 
283.940574317415496 
292.048239989164131 
300.352049220088361 
308.855940145138447 
317.563913847774415 
326.480035089497278 
335.608433039766624 
344.953302004797308 
354.518902153361921 
364.309560237268329 
374.329670303616524 
384.583694395239263 
395.076163234868773 
405.811676887500880 
416.794905394108241 
428.030589368218727 
439.523540544851471 
451.278642268780686 
463.300849905981465 
475.595191158197508 
488.166766255684252 
501.020747997016883 
514.162381597045623 
527.596984294122763 
541.329944654905830 
555.366721498460947 
569.712842339942199 
584.373901224910469 
599.355555694934310 
614.663523364054754 
630.303576205729996 
646.281533738293660 
662.603253916203585 
679.274620988655897 
696.301529255809214 
713.689861131606676 
731.445457138824167 
749.574074208627167 
768.081326585410807 
786.972600097175132 
806.252924265700130 
825.926775071338511 
845.997758432280534 
866.468077312239302 
887.337580447142273 
908.601935623890768 
930.248772924257537 
952.248311526114549 
974.518271795646569 
996.761334993763057 
0.693051764159444 
0.693051764159447 
0.693051764159950 
0.693051764168118 
0.693051764224414 
0.693051764469249 
0.693051765269529 
0.693051767425206 
0.693051772475707 
0.693051783126325 
0.693051803814481 
0.693051841435892 
0.693051906250610 
0.693052012988920 
0.693052182177085 
0.693052441702935 
0.693052828641262 
0.693053391359031 
0.693054191920391 
0.693055308811453 
0.693056840004857 
0.693058906384078 
0.693061655547513 
0.693065266012298 
0.693069951837863 
0.693075967689260 
0.693083614360228 
0.693093244776036 
0.693105270496125 
0.693120168736598 
0.693138489932594 
0.693160865860643 
0.693188018341100 
0.693220768540769 
0.693260046895938 
0.693306903675996 
0.693362520207936 
0.693428220782083 
0.693505485259460 
0.693595962401358 
0.693701483941676 
0.693824079422878 
0.693965991816442 
0.694129693948940 
0.694317905755070 
0.694533612379199 
0.694780083147296 
0.695060891431392 
0.695379935429165 
0.695741459881563 
0.696150078751949 
0.696610798890717 
0.697129044709973 
0.697710683893547 
0.698362054168296 
0.699089991163598 
0.699901857386738 
0.700805572343004 
0.701809643830355 
0.702923200439744 
0.704157316884802 
0.705524682850138 
0.707033484098518 
0.708695724608122 
0.710524213705724 
0.712532606669582 
0.714735446802109 
0.717148209016616 
0.719787344984404 
0.722670329890421 
0.725815710847683 
0.729243157022512 
0.732973511524409 
0.737028845116027 
0.741432511800032 
0.746209206340731 
0.751385023779069 
0.757002258090999 
0.763077082503057 
0.769639656455604 
0.776722397831389 
0.784359458474737 
0.792586797006049 
0.801442254010808 
0.810994243480391 
0.821260625315468 
0.832283113913019 
0.844108016186896 
0.856786648491589 
0.870396406442789 
0.884963660008448 
0.900544555749416 
0.917214142272996 
0.935058109164769 
0.954103995867040 
0.974424192751552 
0.996118772879646 
1.019229734610906 
1.043854702224199 
1.070091959067047 
1.097991187128881 
1.127710383710986 
1.159283940116588 
1.192843414569256 
1.228472478757679 
1.266301260145408 
1.306432009153978 
1.349103458328912 
1.394380885894108 
1.442441406753997 
1.493307977233480 
1.547186719393493 
1.604153278180391 
1.664388463294929 
1.728073888716692 
1.795321133135220 
1.866345639086470 
1.941352595853013 
2.020476485417632 
2.103926544849246 
2.191927242579224 
2.284647193283958 
2.382318128139668 
2.485221127287923 
2.593569644453690 
2.707532178094880 
2.827346975501548 
2.953260691117631 
3.085562909334902 
3.224542560096143 
3.370448696237425 
3.523575216896462 
3.684237697627408 
3.852754446640664 
4.029380054291826 
4.214482398099172 
4.408350130353047 
4.611335385774607 
4.823798132553829 
5.046115143506325 
5.278662940494403 
5.521812244771322 
5.775948150716417 
6.041484847590974 
6.318854423041767 
6.608498126766809 
6.910844594801166 
7.226313778474999 
7.555365566251641 
7.898483615034772 
8.256164014928380 
8.628904402450935 
9.017209345898292 
9.421602695119526 
9.842630211457969 
10.280850325844220 
10.736828457239168 
11.211144378266631 
11.704394115956921 
12.217186102520394 
12.750145004790582 
13.303910505832873 
13.879139165630676 
14.476502785359830 
15.096690495393052 
15.740409081413283 
16.408382373022970 
17.101349168861859 
17.820061432617187 
18.565295288365828 
19.337842872231249 
20.138513416757799 
20.968138501312467 
21.827567677406734 
22.717670777266274 
23.639338508590544 
24.593481418620108 
25.581032030033185 
26.602945152970861 
27.660197950117762 
28.753784156746278 
29.884724433803303 
31.054059965286505 
32.262857396581367 
33.512205270010746 
34.803216940531357 
36.137029722380291 
37.514806432098261 
38.937735044473015 
40.407029453086380 
41.923929685651181 
43.489702407996980 
45.105641299081363 
46.773067492480124 
48.493330000688957 
50.267806158962728 
52.097902079128396 
53.985053122690438 
55.930724392006496 
57.936411186792093 
60.003639217847990 
62.133965326608731 
64.328976556039933 
66.590292096737059 
68.919563743808268 
71.318476359313621 
73.788748298290841 
76.332131845815468 
78.950413665994660 
81.645415275422266 
84.418993592797392 
87.273041484108546 
90.209488304361884 
93.230300439696094 
96.337481851655070 
99.533074624494418 
102.819159515984040 
106.197856511954541 
109.671325384711793 
113.241766255369612 
116.911420160116137 
120.682569620407904 
124.557539217087765 
128.538696168430675 
132.628450912138732 
136.829257691323789 
141.143615144542878 
145.574066899966567 
150.123202173781721 
154.793656372949243 
159.588111702443285 
164.509297777114597 
169.559992238317818 
174.743021375452656 
180.061260752557587 
185.517635840091430 
191.115122652031630 
196.856748388401769 
202.745592083328916 
208.784785258713100 
214.977512583573173 
221.327012539114008 
227.836578089535806 
234.509557358579457 
241.349354311780132 
248.359429444364480 
255.543300474691080 
262.904543043098670 
270.446791415966175 
278.173739194743689 
286.089140029625469 
294.196808337463494 
302.500620023401495 
311.004513205583009 
319.712488942118739 
328.628611959298041 
337.757011379773417 
347.101881449139796 
356.667482258940993 
366.458140463658879 
376.478249988653090 
386.732272725285497 
397.224739208568224 
407.960249271556677 
418.943472669336188 
430.179149663749172 
441.672091557904366 
453.427181166883656 
465.449373207829353 
477.743694588503672 
490.315244568342109 
503.169194759581387 
516.310788927901285 
529.745342541613581 
543.478242005017819 
557.514943494218414 
571.860971291579517 
586.521915489785442 
601.503428926893662 
616.811223229731240 
632.451062994606559 
648.428758627736784 
664.750156725467832 
681.421127277657206 
698.447546533504919 
715.835273827026981 
733.590119816829315 
751.717802239757702 
770.223883032137110 
789.113676824767367 
808.392113974216386 
828.063528588182521 
848.131317229901583 
868.597362867113588 
889.461005944422595 
910.717075598318957 
932.351780992286422 
954.332917555695758 
976.569332498660060 
998.712179216056484 
0.000000000000000 
0.000000000000000 
0.000000000000000 
0.000000000000000 
0.000000000000000 
0.000000000000000 
0.000000000000000 
0.000000000000000 
0.000000000000000 
0.000000000000000 
0.000000000000000 
0.000000000000000 
0.000000000000000 
0.000000000000000 
0.000000000000000 
0.000000000000000 
0.000000000000000 
0.000000000000000 
0.000000000000000 
0.000000000000000 
0.000000000000000 
0.000000000000000 
0.000000000000000 
0.000000000000000 
0.000000000000000 
0.000000000000000 
0.000000000000000 
0.000000000000000 
0.000000000000000 
0.000000000000000 
0.000000000000000 
0.000000000000000 
0.000000000000000 
0.000000000000000 
0.000000000000000 
0.000000000000000 
0.000000000000000 
0.000000000000000 
0.000000000000000 
0.000000000000000 
0.000000000000000 
0.000000000000000 
0.000000000000000 
0.000000000000000 
0.000000000000000 
0.000000000000000 
0.000000000000000 
0.000000000000000 
0.000000000000000 
0.000000000000000 
0.000000000000000 
0.000000000000000 
0.000000000000000 
0.000000000000000 
0.000000000000000 
0.000000000000000 
0.000000000000000 
0.000000000000000 
0.000000000000000 
0.000000000000000 
0.000000000000000 
0.000000000000000 
0.000000000000000 
0.000000000000000 
0.000000000000000 
0.000000000000000 
0.000000000000000 
0.000000000000000 
0.000000000000000 
0.000000000000000 
0.000000000000000 
0.000000000000000 
0.000000000000000 
0.000000000000000 
0.000000000000000 
0.000000000000000 
0.000000000000000 
0.000000000000000 
0.000000000000000 
0.000000000000000 
0.000000000000000 
0.000000000000000 
0.000000000000000 
0.000000000000000 
0.000000000000000 
0.000000000000000 
0.000000000000000 
0.000000000000000 
0.000000000000000 
0.000000000000000 
0.006867269779811 
0.014507309038974 
0.022692622919392 
0.031457565575449 
0.040838723926052 
0.050874359943544 
0.061605232096138 
0.073074569060006 
0.085328209642148 
0.098415089670807 
0.112386823290698 
0.127297721136093 
0.143205906637469 
0.160173359005980 
0.178265780913514 
0.197590432784509 
0.221122628469837 
0.248964184796777 
0.278609743061232 
0.310142392517481 
0.343668984000204 
0.379415534142633 
0.417738023628342 
0.458428440770718 
0.501622655960489 
0.547482701395355 
0.596146876682410 
0.647840803152007 
0.704569453097879 
0.767433043788766 
0.834034324670751 
0.904598071791289 
0.979464961920429 
1.058968358374514 
1.143066952399175 
1.232098942459355 
1.326369834610608 
1.426489253083952 
1.534214231928769 
1.649230043514458 
1.770655256194992 
1.898973288240924 
2.034518943636325 
2.177471052478786 
2.328228442726232 
2.487409675383884 
2.656694930483144 
2.835737072935289 
3.024142253599978 
3.222397581217030 
3.430834751872316 
3.650003362130710 
3.880731564623057 
4.123974366907525 
4.379520562872998 
4.647523659638124 
4.928439937099281 
5.223031227070416 
5.532004201717062 
5.855935353691990 
6.194917609786260 
6.549334256862176 
6.919851035449973 
7.307295370784514 
7.712215314264673 
8.134811960549172 
8.575624641482907 
9.035388809386466 
9.514789394025676 
10.014260899075563 
10.534356704224013 
11.075888736361136 
11.639425944740738 
12.225523735291755 
12.834874438592212 
13.468215164698968 
14.126183789580882 
14.809480855612769 
15.518874303412781 
16.255091024225941 
17.018956226954526 
17.811205880698289 
18.632642559267534 
19.484114028503519 
20.366441655305337 
21.280499842155063 
22.227178305342232 
23.207385854130447 
24.222058906141303 
25.272149736782822 
26.358638398549996 
27.482526814589804 
28.644841235815619 
29.846654164336734 
31.089022253949537 
32.373054352312657 
33.699867144817546 
35.070614287321852 
36.486467951434378 
37.948631195490947 
39.458331417855021 
41.016824475749878 
42.625393127131090 
44.285348301192847 
45.998029067642079 
47.764803180705336 
49.587067406538026 
51.466247945330394 
53.403800836439231 
55.401212385445731 
57.459999604347857 
59.581710648139229 
61.767925294598413 
64.020255203923412 
66.340344391749142 
68.729869728769444 
71.190541553375141 
73.724106588515951 
76.332343533804377 
79.017064246860713 
81.780116574014158 
84.623384504184429 
87.548788553675507 
90.558286238832210 
93.653872585919203 
96.837580659348205 
100.111482100894989 
103.477687676846386 
106.938347831661360 
110.495653247380432 
114.151835408290623 
117.909167170484039 
121.769963336025143 
125.736581231496388 
129.811421290741492 
133.996927641670709 
138.295588697036038 
142.709937749128500 
147.242553568390406 
151.896061005972626 
156.673131600305481 
161.576484187778050 
166.608885517650322 
171.773150871343091 
177.072144686261879 
182.508781184325926 
188.086025005373671 
193.806891845615837 
199.674449101303054 
205.691816517762561 
211.862166843948103 
218.188726492627751 
224.674776206316437 
231.323651729040307 
238.138744483994657 
245.123502257133055 
252.281429886699812 
259.616089958686757 
267.131103508166063 
274.830150726413763 
282.716971673699902 
290.795366997573012 
299.069198656416859 
307.542390647985087 
316.218929742546266 
325.102866220174803 
334.198314611601120 
343.509454441895684 
353.040530976071011 
362.795855965476051 
372.779808393570477 
382.996835219331047 
393.451452116120663 
404.148244203327408 
415.091866767438376 
426.287045968421808 
437.738579526297713 
449.451337381579151 
461.430262321746682 
473.680370564069335 
486.206752282765819 
499.014572065619973 
512.109069281565212 
525.495558336226395 
539.179428786695894 
553.166145279567445 
567.461247267036811 
582.070348444307683 
596.999135834033723 
612.253368479556002 
627.838875509496802 
643.761553479756913 
660.027362791457676 
676.642322887049886 
693.612505830242640 
710.944027719499559 
728.643037148914345 
746.715699566293324 
765.168175800988138 
784.006592089037667 
803.236997319664852 
822.865300391920528 
842.897175311659112 
863.337911342931193 
884.192163884969091 
905.463512402405740 
927.153605818726760 
949.260283101819482 
971.771415472780291 
994.637976427561625 
0.724252883726921 
0.724252883726924 
0.724252883727423 
0.724252883735535 
0.724252883791462 
0.724252884034682 
0.724252884829685 
0.724252886971141 
0.724252891988333 
0.724252902568701 
0.724252923120405 
0.724252960493676 
0.724253024880897 
0.724253130915195 
0.724253298987450 
0.724253556801548 
0.724253941187751 
0.724254500194012 
0.724255295475119 
0.724256404999518 
0.724257926093637 
0.724259978843646 
0.724262709874412 
0.724266296525614 
0.724270951444778 
0.724276927617213 
0.724284523852638 
0.724294090748405 
0.724306037149248 
0.724320837123412 
0.724339037475099 
0.724361265813211 
0.724388239196287 
0.724420773373670 
0.724459792642953 
0.724506340343715 
0.724561590007755 
0.724626857185951 
0.724703611972076 
0.724793492243870 
0.724898317641920 
0.725020104306844 
0.725161080395655 
0.725323702398097 
0.725510672274192 
0.725724955434284 
0.725969799583230 
0.726248754450673 
0.726565692429706 
0.726924830146543 
0.727330750984436 
0.727788428585398 
0.728303251353990 
0.728881047988055 
0.729528114061944 
0.730251239688639 
0.731057738288010 
0.731955476489474 
0.732952905198276 
0.734059091855953 
0.735283753926592 
0.736637293642050 
0.738130834040634 
0.739776256335370 
0.741586238649684 
0.743574296159939 
0.745754822686304 
0.748143133775114 
0.750755511318015 
0.753613797753188 
0.756734302824072 
0.760134614104606 
0.763835402474429 
0.767858555462888 
0.772227232226210 
0.776965920429457 
0.782100495091461 
0.787658279451450 
0.793668107916111 
0.800160391145383 
0.807182848737677 
0.814761601568499 
0.822925995586984 
0.831713555628746 
0.841163747771249 
0.851318058550731 
0.862239854221500 
0.873970404955209 
0.886544922588736 
0.900013952231061 
0.914437911821137 
0.929906833875391 
0.946440231179732 
0.964099221269579 
0.982982780365392 
1.003150353664022 
1.024647961454482 
1.047571471157927 
1.071995042560873 
1.097980950958070 
1.125670533447318 
1.155104547030615 
1.186400362697220 
1.219658756844905 
1.254963431374872 
1.292453898249396 
1.332211021202341 
1.374413031020841 
1.419158677702376 
1.466655426987659 
1.517023694574916 
1.570395163016715 
1.626887254328886 
1.686580933626971 
1.749694025249740 
1.816349013560240 
1.886694368436043 
1.960994824924790 
2.039399815780099 
2.122087169802816 
2.209298776447730 
2.301193173907196 
2.397958567081270 
2.499822458507917 
2.607166079945213 
2.720143043689371 
2.838932340599393 
2.963761083135479 
3.094904786258783 
3.232693861681438 
3.377345156210867 
3.529149899877746 
3.688417224613779 
3.855469038928313 
4.030623845703509 
4.214228375911134 
4.406531616639686 
4.607878879129059 
4.818628439252389 
5.039153354386783 
5.269841363123084 
5.511089179309534 
5.763291879725331 
6.026831712556921 
6.302126500667657 
6.589611193612256 
6.889711622931229 
7.202883984394267 
7.529585585085435 
7.870275461369050 
8.225437202389818 
8.595581222957733 
8.981233929576879 
9.382922297262434 
9.801171481874619 
10.236525211955147 
10.689558629729749 
11.160863121499922 
11.651032276657860 
12.160667319578190 
12.690397931238394 
13.240873692221513 
13.812740343780618 
14.406662591642711 
15.023333602700607 
15.663461126763080 
16.327758988153818 
17.016965818185792 
17.731842362160734 
18.473161803484704 
19.241723788562016 
20.038327217985419 
20.863801174372746 
21.718998385979976 
22.604780712981469 
23.522050403320538 
24.471707089039782 
25.454671823819524 
26.471895817975174 
27.524350291106245 
28.613028493316765 
29.738946544890780 
30.903143873113599 
32.106689428463284 
33.350667485187266 
34.636188110621973 
35.964381826677226 
37.336407048255786 
38.753446374929588 
40.216708910367998 
41.727429540241381 
43.286869875685930 
44.896318410767634 
46.557091048056868 
48.270531477157711 
50.038011619609819 
51.860932059246203 
53.740722488522735 
55.678842162788726 
57.676780359768259 
59.736056797762629 
61.858222131055413 
64.044858204557684 
66.297578611345912 
68.618029215769724 
71.007888781221169 
73.468869453007343 
76.002717391162690 
78.611212796393772 
81.296170198156602 
84.059439283140023 
86.902905533290635 
89.828490783155019 
92.838153759187293 
95.933890617944201 
99.117735487946902 
102.391761016486555 
105.758078921592627 
109.218840549067806 
112.776237434400656 
116.432501869356571 
120.189907473059975 
124.050769767403381 
128.017446756649150 
132.092339511115711 
136.277892754878650 
140.576595457441044 
144.990981429368389 
149.523629921908537 
154.177166230649334 
158.954262303291358 
163.857637351638232 
168.890058467923325 
174.054341245610942 
179.353350404814734 
184.790000422488276 
190.367256167537704 
196.088133541010706 
201.955700121505004 
207.973075815930372 
214.143433515751440 
220.469999758812094 
226.956055396837257 
233.604936268682451 
240.420033879377741 
247.404796084997344 
254.562727783353154 
261.897391610488739 
269.412408642914670 
277.111459105497431 
284.998283084863658 
293.076681248146031 
301.350515566833622 
309.823710045421706 
318.500251454477279 
327.384190067633938 
336.479640401905272 
345.790781960556444 
355.321859977577788 
365.077186162582905 
375.061139444655794 
385.278166713319990 
395.732783554365142 
406.429574977721586 
417.373196133905140 
428.568373014733311 
440.019903132982677 
451.732656174414785 
463.711574614020662 
475.961674286421044 
488.488044897946793 
501.295850464945772 
514.390329659119061 
527.776796035997791 
541.460638116724112 
555.447319285769481 
569.742377457642306 
584.351424453921140 
599.280145019683232 
614.534295425297842 
630.119701395870834 
646.042255313130454 
662.307912443472446 
678.922685886086924 
695.892639826015170 
713.223880509629907 
730.922544107407361 
748.994780237759301 
767.446729302987478 
786.284490764770794 
805.514077741619758 
825.141350210095652 
845.171913310331092 
865.610955851632752 
886.462980049989255 
907.731318348166724 
929.417191417044478 
951.517612572437884 
974.018211955220750 
996.861120722108694 
0.000000000000000 
0.000000000000000 
0.000000000000000 
0.000000000000000 
0.000000000000000 
0.000000000000000 
0.000000000000000 
0.000000000000000 
0.000000000000000 
0.000000000000000 
0.000000000000000 
0.000000000000000 
0.000000000000000 
0.000000000000000 
0.000000000000000 
0.000000000000000 
0.000000000000000 
0.000000000000000 
0.000000000000000 
0.000000000000000 
0.000000000000000 
0.000000000000000 
0.000000000000000 
0.000000000000000 
0.000000000000000 
0.000000000000000 
0.000000000000000 
0.000000000000000 
0.000000000000000 
0.000000000000000 
0.000000000000000 
0.000000000000000 
0.000000000000000 
0.000000000000000 
0.000000000000000 
0.000000000000000 
0.000000000000000 
0.000000000000000 
0.000000000000000 
0.000000000000000 
0.000000000000000 
0.000000000000000 
0.000000000000000 
0.000000000000000 
0.000000000000000 
0.000000000000000 
0.000000000000000 
0.000000000000000 
0.000000000000000 
0.000000000000000 
0.000000000000000 
0.000000000000000 
0.000000000000000 
0.000000000000000 
0.000000000000000 
0.000000000000000 
0.000000000000000 
0.000000000000000 
0.000000000000000 
0.000000000000000 
0.000000000000000 
0.000000000000000 
0.000000000000000 
0.000000000000000 
0.000000000000000 
0.000000000000000 
0.000000000000000 
0.000000000000000 
0.000000000000000 
0.000000000000000 
0.000000000000000 
0.000000000000000 
0.000000000000000 
0.000000000000000 
0.000000000000000 
0.000000000000000 
0.000000000000000 
0.000000000000000 
0.000000000000000 
0.000000000000000 
0.000000000000000 
0.000000000000000 
0.000000000000000 
0.000000000000000 
0.000000000000000 
0.000000000000000 
0.000000000000000 
0.000000000000000 
0.000000000000000 
0.000000000000000 
0.001683650748584 
0.009282258994277 
0.017421848817856 
0.026136268595251 
0.035461357650246 
0.045435043364165 
0.056097527082672 
0.067491577892857 
0.079662004080033 
0.092656534651737 
0.106525785413833 
0.121323668242478 
0.137107489364403 
0.153937158302764 
0.171876624868041 
0.190994117143482 
0.211658801944959 
0.236938034514905 
0.266329271219484 
0.297581817282258 
0.330800581757278 
0.366107777502078 
0.403775110135577 
0.444068011896022 
0.486846511001084 
0.532234856637838 
0.580389054853104 
0.631472447915313 
0.685834820524727 
0.745412860751569 
0.811114681490444 
0.880886822672834 
0.954772342871977 
1.033101233460275 
1.116248587698856 
1.204182807535311 
1.297221969128310 
1.395678970748224 
1.500114542386919 
1.612368729066900 
1.732287787203287 
1.858909187938745 
1.992551166945758 
2.133762391654364 
2.282638820579017 
2.439568442585474 
2.605157012963649 
2.780792366626740 
2.966920729360062 
3.162735504316528 
3.368696810720839 
3.585215866796574 
3.812679102648350 
4.051947167615270 
4.304082166870369 
4.569167580959477 
4.847094822412937 
5.138355587467875 
5.443444832540761 
5.763386255689794 
6.098838563240274 
6.449923906522771 
6.816914255402815 
7.200371022389113 
7.601102281849631 
8.019907536371850 
8.457114350951619 
8.913048771759335 
9.388390798223922 
9.883917297783029 
10.400219689226684 
10.937755904130910 
11.497168497720917 
12.079336881909724 
12.684799623943812 
13.314142436073571 
13.968115429926019 
14.647489361935815 
15.352919336934354 
16.085145456899085 
16.844975241873311 
17.633176608555544 
18.450557554269693 
19.297991380557253 
20.176260905600913 
21.086242041099275 
22.028834218084427 
23.004919793043882 
24.015438454574181 
25.061338876048048 
26.143591680487972 
27.263196842149156 
28.421174045427811 
29.618569612966226 
30.856453626772840 
32.135923590834061 
33.458112704849825 
34.824167188515517 
36.235253313080044 
37.692568691790953 
39.197335387537898 
40.750804276354657 
42.354252987106591 
44.008987530334601 
45.716341970144725 
47.477679131901432 
49.294390822275936 
51.167898292490193 
53.099652610990290 
55.091135088578973 
57.143857698264199 
59.259363507811749 
61.439227119647455 
63.685055104843229 
65.998486435498705 
68.381192932602914 
70.834879751433533 
73.361285882240566 
75.962184744399195 
78.639384534075859 
81.394728598751911 
84.230095971518907 
87.147402030420778 
90.148601616152860 
93.235682489466981 
96.410670833772372 
99.675631719459318 
103.032669419225186 
106.483927863232637 
110.031591154291178 
113.677884111363795 
117.425072828250421 
121.275465241792631 
125.231411707044288 
129.295305578165539 
133.469583794370493 
137.756727470526044 
142.159262492142062 
146.679760114581200 
151.320837566381243 
156.085158656640544 
160.975434386460165 
165.994423564481139 
171.144933426591876 
176.429820259906421 
181.851990031145391 
187.414399019564115 
193.120054454589450 
198.972015158329810 
204.973392193127381 
211.127349514315995 
217.437104628341530 
223.905929256388987 
230.537150003645934 
237.334149034314578 
244.300364752464247 
251.439292488792830 
258.754485193344749 
266.249554134202981 
273.928169602148728 
281.794061621246499 
289.851020665284864 
298.102898379957139 
306.553608310626032 
315.207126635465215 
324.067492903704931 
333.138810778635616 
342.425248784935093 
351.931041059770052 
361.660488106989362 
371.617957553554618 
381.807884907152811 
392.234774313670641 
402.903199312899801 
413.817803590451433 
424.983301723372904 
436.404479916364608 
448.086196724763454 
460.033383759548087 
472.251046368503921 
484.744264286294708 
497.518192244478087 
510.578060530364269 
523.929175480963977 
537.576919894954699 
551.526753341424410 
565.784212338904808 
580.354910371648543 
595.244537702074695 
610.458860935149573 
626.003722257696950 
641.885038261785326 
658.108798244155764 
674.681061834607249 
691.607955754993782 
708.895669439391895 
726.550449142810521 
744.578590012103405 
762.986425357662370 
781.780311994180693 
800.966609915604977 
820.551653548497029 
840.541710021845006 
860.942916525292048 
881.761182153553591 
903.002025350748454 
924.670284201507911 
946.769540714721870 
969.300550666546997 
992.255226686401670 
0.754823855271799 
0.754823855271804 
0.754823855272299 
0.754823855280375 
0.754823855336059 
0.754823855578213 
0.754823856369743 
0.754823858501844 
0.754823863497107 
0.754823874031242 
0.754823894493131 
0.754823931703080 
0.754823995808924 
0.754824101379845 
0.754824268717613 
0.754824525405051 
0.754824908111463 
0.754825464674829 
0.754826256480509 
0.754827361156208 
0.754828875603041 
0.754830919382381 
0.754833638478325 
0.754837209455540 
0.754841844032254 
0.754847794088153 
0.754855357127057 
0.754864882214066 
0.754876776407044 
0.754891511702240 
0.754909632513866 
0.754931763707515 
0.754958619207238 
0.754991011196229 
0.755029859931047 
0.755076204189305 
0.755131212370931 
0.755196194273035 
0.755272613558557 
0.755362100938971 
0.755466468091377 
0.755587722330450 
0.755728082055901 
0.755889992996186 
0.756076145269469 
0.756289491283032 
0.756533264492574 
0.756810999043142 
0.757126550313805 
0.757484116388466 
0.757888260475784 
0.758343934301498 
0.758856502497149 
0.759431768009674 
0.760075998557158 
0.760795954156635 
0.761598915750856 
0.762492714961704 
0.763485764999048 
0.764587092754940 
0.765806372114219 
0.767153958513950 
0.768640924785523 
0.770279098314747 
0.772081099556898 
0.774060381945360 
0.776231273234319 
0.778609018317810 
0.781209823569326 
0.784050902748154 
0.787150524520580 
0.790528061646039 
0.794204041880114 
0.798200200648189 
0.802540156957105 
0.807254954349592 
0.812363588753898 
0.817893232899175 
0.823872561069923 
0.830331813643045 
0.837302863797593 
0.844819286453483 
0.852916429493206 
0.861654047811882 
0.871061371874345 
0.881169456795230 
0.892021661804997 
0.903663518933222 
0.916152016645214 
0.929549355301279 
0.943888860600990 
0.959225742824469 
0.975632740565817 
0.993208231641356 
1.011967215434753 
1.031976242953793 
1.053354984775304 
1.076136782746920 
1.100390308683765 
1.126245498094883 
1.153739446134827 
1.182984728861365 
1.214089130247060 
1.247110556776551 
1.282211555504413 
1.319429624278473 
1.358954278085372 
1.400826304635137 
1.445275981845913 
1.492325837629173 
1.542310449529631 
1.595208922451311 
1.651302832777121 
1.710619359962382 
1.773290287250862 
1.839524219695674 
1.909420584021556 
1.983178167471033 
2.061046292583851 
2.143160862624005 
2.229736473365696 
2.321027317836710 
2.417153375694967 
2.518335408791527 
2.624828693725011 
2.737007809066687 
2.855003712649052 
2.979034433379871 
3.109323452435699 
3.246192008826260 
3.389909892058731 
3.540729557638253 
3.698957907670465 
3.864912772647040 
4.038907855689468 
4.221312160653595 
4.412437266093924 
4.612556833133578 
4.822021937897317 
5.041202208852125 
5.270479980419633 
5.510253194111410 
5.760936098008587 
6.022942471760446 
6.296670952244791 
6.582515527882823 
6.880900885816470 
7.192288892971925 
7.517160186762911 
7.855989176107927 
8.209245555378164 
8.577416217660444 
8.961016920647005 
9.360587870957705 
9.776680636425908 
10.209843752169425 
10.660626639694090 
11.129605090966917 
11.617385744634928 
12.124587219343837 
12.651828466043430 
13.199739883624641 
13.768982635971597 
14.360246339100872 
14.974203646314308 
15.611546245763641 
16.273001569706693 
16.959318081187888 
17.671263400320502 
18.409590691864935 
19.175092600675317 
19.968576312868937 
20.790869708895052 
21.642826947278916 
22.525303367780403 
23.439188001414877 
24.385388645755459 
25.364827130028900 
26.378451278010381 
27.427230241464663 
28.512154638914474 
29.634238066900103 
30.794516871813492 
31.994052564682665 
33.233928895792097 
34.515253422434718 
35.839158586022620 
37.206800545254637 
38.619359432441605 
40.078040896748007 
41.584076401142589 
43.138723889316502 
44.743268131995336 
46.399021206841603 
48.107322902989551 
49.869541162147812 
51.687072508652520 
53.561342491379477 
55.493806129846007 
57.485948367553583 
59.539284521640013 
61.655360745590549 
63.835754455555914 
66.082074783681946 
68.395963053090526 
70.779093299871292 
73.233172785800065 
75.759942524127226 
78.361177702152474 
81.038688069891208 
83.794318443166432 
86.629949320334191 
89.547497337978200 
92.548916057365076 
95.636196077037681 
98.811365671429414 
102.076491469080167 
105.433679046836886 
108.885073497171717 
112.432859991164037 
116.079264343780778 
119.826553583393519 
123.677036526000336 
127.633064354158762 
131.697031200499055 
135.871374735663409 
140.158576760533265 
144.561163802637935 
149.081707716669740 
153.722826289070497 
158.487183846687259 
163.377491869527034 
168.396509607672385 
173.547044702443657 
178.831953811915952 
184.254143240916733 
189.816569575642148 
195.522240323039171 
201.374214555102469 
207.375603558236662 
213.529571487826558 
219.839336028156197 
226.308169057797727 
232.939397320584703 
239.736403102265939 
246.702624912914189 
253.841558175149544 
261.156755918209910 
268.651829477879403 
276.330449202258478 
284.196345163326043 
292.253307874217057 
300.505189012091819 
308.955902146432720 
317.609423472552351 
326.469792550026170 
335.541113045690224 
344.827553480748463 
354.333347981417035 
364.062797032389824 
374.020268232234912 
384.210197049615260 
394.637087578954038 
405.305513293842466 
416.220117796073680 
427.385615557691494 
438.806792652811168 
450.488507475223287 
462.435691436830894 
474.653349640821830 
487.146561522029231 
499.920481445156497 
512.980339249332133 
526.331440724694630 
539.979168003272662 
553.928979842077524 
568.186411770893301 
582.757076070448989 
597.646661538722583 
612.860933001470357 
628.405730477314364 
644.286967911236047 
660.510631362241384 
677.082776489584717 
694.009525128661949 
711.297060672082239 
728.951621861135891 
746.979494427900818 
765.386999774828723 
784.180479477595100 
803.366273740254655 
822.950690813704341 
842.939962397511636 
863.340176307754064 
884.157170222167679 
905.396354172671408 
927.062390731148071 
949.158549719129041 
971.684872041913536 
994.630927850233547 
0.000000000000000 
0.000000000000000 
0.000000000000000 
0.000000000000000 
0.000000000000000 
0.000000000000000 
0.000000000000000 
0.000000000000000 
0.000000000000000 
0.000000000000000 
0.000000000000000 
0.000000000000000 
0.000000000000000 
0.000000000000000 
0.000000000000000 
0.000000000000000 
0.000000000000000 
0.000000000000000 
0.000000000000000 
0.000000000000000 
0.000000000000000 
0.000000000000000 
0.000000000000000 
0.000000000000000 
0.000000000000000 
0.000000000000000 
0.000000000000000 
0.000000000000000 
0.000000000000000 
0.000000000000000 
0.000000000000000 
0.000000000000000 
0.000000000000000 
0.000000000000000 
0.000000000000000 
0.000000000000000 
0.000000000000000 
0.000000000000000 
0.000000000000000 
0.000000000000000 
0.000000000000000 
0.000000000000000 
0.000000000000000 
0.000000000000000 
0.000000000000000 
0.000000000000000 
0.000000000000000 
0.000000000000000 
0.000000000000000 
0.000000000000000 
0.000000000000000 
0.000000000000000 
0.000000000000000 
0.000000000000000 
0.000000000000000 
0.000000000000000 
0.000000000000000 
0.000000000000000 
0.000000000000000 
0.000000000000000 
0.000000000000000 
0.000000000000000 
0.000000000000000 
0.000000000000000 
0.000000000000000 
0.000000000000000 
0.000000000000000 
0.000000000000000 
0.000000000000000 
0.000000000000000 
0.000000000000000 
0.000000000000000 
0.000000000000000 
0.000000000000000 
0.000000000000000 
0.000000000000000 
0.000000000000000 
0.000000000000000 
0.000000000000000 
0.000000000000000 
0.000000000000000 
0.000000000000000 
0.000000000000000 
0.000000000000000 
0.000000000000000 
0.000000000000000 
0.000000000000000 
0.000000000000000 
0.000000000000000 
0.000000000000000 
0.000000000000000 
0.000000000000000 
0.000000000000000 
0.000000000000000 
0.000000000000000 
0.003691794702908 
0.013583318393888 
0.024199896219310 
0.035592631290238 
0.047817151685796 
0.060932002017071 
0.075000554555555 
0.090091217678094 
0.106279159020257 
0.123642036686150 
0.142265251906928 
0.162242396669937 
0.184021152377275 
0.208296541841744 
0.234436819723677 
0.262486699054911 
0.292589801045529 
0.326169054819633 
0.366622720319663 
0.410141789893819 
0.456619695923440 
0.506244449557050 
0.559227413223591 
0.616423073174683 
0.677966450092309 
0.743699928411483 
0.814302119997681 
0.889710449326676 
0.970004644310939 
1.056673437331047 
1.150605577326037 
1.250677006548063 
1.357517872621443 
1.471008406957317 
1.591645655754981 
1.719665992539005 
1.855307589995406 
1.998821023396019 
2.151394191667481 
2.313344819201206 
2.484528122384400 
2.665266558906942 
2.855797046644452 
3.056394425057908 
3.267452144952148 
3.490024534347969 
3.724106022846565 
3.969911822722443 
4.227768137380716 
4.498187825431931 
4.781635504568945 
5.078599180820668 
5.389362530537929 
5.714315217859040 
6.054082274225124 
6.409076454478819 
6.779735589080433 
7.166511167672200 
7.569936079021875 
7.990536763694823 
8.428913581283357 
8.885518856963824 
9.360917069967989 
9.855703057055283 
10.370459466669448 
10.905782793855712 
11.462308773886797 
12.040692817900243 
12.641615118675706 
13.265714033441899 
13.913692263214553 
14.586262547358569 
15.284147968299530 
16.008101277884474 
16.758890349179364 
17.537302671210597 
18.344146462107851 
19.180250049800602 
20.046476963019220 
20.943692035902739 
21.872778817989200 
22.834648905674630 
23.830232514037196 
24.860485437673013 
25.926384875499778 
27.028932078390724 
28.169150749675609 
29.348088281015826 
30.566815939344693 
31.826429249786500 
33.128048251400102 
34.472817897485065 
35.861908436663114 
37.296515876643682 
38.777862356393683 
40.307196571540857 
41.885799532015817 
43.514971321680378 
45.196040186398974 
46.930364464375472 
48.719330990024865 
50.564355829088527 
52.466884713490991 
54.428393423119616 
56.450388198031007 
58.534406107980949 
60.682015314000779 
62.894815676673836 
65.174439232405746 
67.522550754288460 
69.940848277221946 
72.431063593052514 
74.994962734245206 
77.634346464777465 
80.351050786536845 
83.146947462523912 
86.023944551979000 
88.983986950087839 
92.029056930097752 
95.161174687887950 
98.382398889442612 
101.694827221608278 
105.100596946394305 
108.601885458980647 
112.200910849540691 
115.899932468955896 
119.701251498487721 
123.607211523471477 
127.620199111104711 
131.742644392411222 
135.977021648475358 
140.325849901046524 
144.791693507625780 
149.377162761144035 
154.084914494344133 
158.917652688972936 
163.878129089875785 
168.969143824074479 
174.193546024888917 
179.554234461132381 
185.054158171387400 
190.696317103325327 
196.483762757994981 
202.419598838956574 
208.506981913695995 
214.749122059396200 
221.149283501626201 
227.710785333404175 
234.437002158343631 
241.331364761861096 
248.397360783940258 
255.638535392386871 
263.058491955315503 
270.660892711346264 
278.449459434975324 
286.427974091236422 
294.600279500803083 
302.970279973297409 
311.541941921081957 
320.319294464508801 
329.306430005891571 
338.507504769885941 
347.926739302136241 
357.568418916457745 
367.436894078951980 
377.536580715219316 
387.871960424196459 
398.447580579016176 
409.268054291553426 
420.338060212897176 
431.662342136692416 
443.245708365947564 
455.093030796275912 
467.209243659289200 
479.599341858593561 
492.268378817003338 
505.221463736425733 
518.463758150407784 
532.000471622168334 
545.836856406183415 
559.978200846271534 
574.429821222994633 
589.197051674490467 
604.285231749461218 
619.699691024211461 
635.445729681305238 
651.528594361969454 
667.953447537361058 
684.725328358677643 
701.849102016434813 
719.329393308128374 
737.170498043297698 
755.376262603702344 
773.949916510592743 
792.893833498170920 
812.209179907216594 
831.895377968254707 
851.949249602819577 
872.363574977361850 
893.124497719512078 
914.206440990367582 
935.561000117722870 
957.089002800270691 
978.557432169765434 
999.359335299712029 
0.627027200247198 
0.627027200247202 
0.627027200247715 
0.627027200256040 
0.627027200313441 
0.627027200563075 
0.627027201379044 
0.627027203576974 
0.627027208726470 
0.627027219585855 
0.627027240679526 
0.627027279038366 
0.627027345123540 
0.627027453954062 
0.627027626458541 
0.627027891071443 
0.627028285594283 
0.627028859342079 
0.627029675595534 
0.627030814379206 
0.627032375586153 
0.627034482469387 
0.627037285520517 
0.627040966755998 
0.627045744431372 
0.627051878203861 
0.627059674763804 
0.627069493955262 
0.627081755406302 
0.627096945689360 
0.627115626032198 
0.627138440599902 
0.627166125368526 
0.627199517610897 
0.627239566015272 
0.627287341457484 
0.627344048447403 
0.627411037270556 
0.627489816845883 
0.627582068320730 
0.627689659424388 
0.627814659601555 
0.627959355947462 
0.628126269966506 
0.628318175176632 
0.628538115581982 
0.628789425036723 
0.629075747523424 
0.629401058369788 
0.629769686428224 
0.630186337243230 
0.630656117232441 
0.631184558907849 
0.631777647164700 
0.632441846666524 
0.633184130355865 
0.634012009121468 
0.634933562654033 
0.635957471524023 
0.637093050516640 
0.638350283260672 
0.639739858189746 
0.641273205876335 
0.642962537780922 
0.644820886460687 
0.646862147284191 
0.649101121700721 
0.651553562114961 
0.654236218419798 
0.657166886242000 
0.660368469244658 
0.663860929261662 
0.667662258279494 
0.671795000744367 
0.676283018059721 
0.681151548378445 
0.686427268517997 
0.692138358055639 
0.698314565658237 
0.704991112720591 
0.712216424862295 
0.720007905827575 
0.728402383804200 
0.737438625720949 
0.747157417788629 
0.757622335390202 
0.768875409192906 
0.780948659457910 
0.793891881141208 
0.807770465777730 
0.822647615908679 
0.838561274506635 
0.855571709915789 
0.873792620409190 
0.893242751093844 
0.913995074559926 
0.936159848945213 
0.959773549644564 
0.984969069822521 
1.011829523252142 
1.040428664518293 
1.070977050242283 
1.103423019589490 
1.137938748115643 
1.174559678350357 
1.213488496321317 
1.254765753533327 
1.298584311231594 
1.345010484132723 
1.394178414681760 
1.446276589493609 
1.501391375220050 
1.559749667968055 
1.621456442092080 
1.686647563262526 
1.755549716930541 
1.828297139802494 
1.905054777317808 
1.986039243663005 
2.071495057338873 
2.161579120209176 
2.256491155337307 
2.356432959675534 
2.461676894775093 
2.572406007742091 
2.688851049593889 
2.811252744820959 
2.939867091975355 
3.075004203749590 
3.216890388227915 
3.365816637931681 
3.522070370929579 
3.685941643752523 
3.857731478040388 
4.037752288220136 
4.226337089250059 
4.423817906795008 
4.630522478057048 
4.846813013768283 
5.073047471644545 
5.309594782143561 
5.556838700058913 
5.815176642777043 
6.085018749988312 
6.366783656055918 
6.660898763970112 
6.967802200659188 
7.287947752906061 
7.621805428024210 
7.969840756364825 
8.332532514229525 
8.710382209906477 
9.103905592799650 
9.513631342355568 
9.940100613894831 
10.383866757172417 
10.845499109465905 
11.325581916355201 
11.824713310721160 
12.343506669000476 
12.882591448220984 
13.442612656743780 
14.024230559177678 
14.628120603754603 
15.254975219742718 
15.905504317377776 
16.580434511111374 
17.280509944503486 
18.006492993628569 
18.759164478971819 
19.539323859684224 
20.347789846422845 
21.185400781339332 
22.053014392825855 
22.951507732148723 
23.881778285386808 
24.844744813976714 
25.841347281963781 
26.872547329094854 
27.939328233556310 
29.042695624743203 
30.183678021921097 
31.363326993970475 
32.582717589922190 
33.842948604033275 
35.145143134048659 
36.490448987418311 
37.880039138321258 
39.315112086798607 
40.796892302012488 
42.326630641629436 
43.905604655749187 
45.535118808106851 
47.216505140267152 
48.951123738627743 
50.740363293717053 
52.585641511880063 
54.488405527595219 
56.450132313415786 
58.472329065616414 
60.556533617415994 
62.704314964307351 
64.917273761508810 
67.197042906955957 
69.545288032050848 
71.963707980842898 
74.454035287385636 
77.018036666400221 
79.657513520714332 
82.374302462767702 
85.170275848376676 
88.047342311992566 
91.007447303665657 
94.052573628668711 
97.184741990374491 
100.406011536724677 
103.718480410476701 
107.124286303334912 
110.625607014029583 
114.224661010388019 
117.923707995436644 
121.725049477577954 
125.631029344892553 
129.644034443630630 
133.766495160965093 
138.000886012093076 
142.349726231774582 
146.815580370408895 
151.401058894744210 
156.108818793317170 
160.941564186711588 
165.902046942712218 
170.993067296415148 
176.217474475338406 
181.578167329543049 
187.078094966754577 
192.720257392428465 
198.507706154669393 
204.443544993860087 
210.530930496586848 
216.773072753552157 
223.173236022400374 
229.734739394172351 
236.460957460845435 
243.355320985879075 
250.421317576001172 
257.662492353156722 
265.082448625323252 
272.684848554652206 
280.473413821179577 
288.451926280704640 
296.624228612687375 
304.994224951705860 
313.565881503379671 
322.343227139748876 
331.330353965794757 
340.531417851039407 
349.950638917875949 
359.592301976649878 
369.460756895608597 
379.560418891552331 
389.895768724333720 
400.471352775151956 
411.291782984787687 
422.361736623397235 
433.685955858077875 
445.269247077928185 
457.116479928514195 
469.232585998173590 
481.622557087029122 
494.291442975350833 
507.244348590243476 
520.486430447471889 
534.022892217168646 
547.858979226141741 
561.999971662763755 
576.451176189069201 
591.217915583609170 
606.305515929381500 
621.719290672840316 
637.464520710915508 
653.546429425139763 
669.970151014175826 
686.740689942619383 
703.862868373160950 
721.341257028340237 
739.180082707398697 
757.383102112010420 
775.953425700926118 
794.893265061548163 
814.203558862963519 
833.883397558377510 
853.929096814310697 
874.332617879737995 
895.078674507165715 
916.138918206447215 
937.458690641178691 
958.920907239699545 
980.215020689655603 
1000.000000000000000 
0.000000000000000 
0.000000000000000 
0.000000000000000 
0.000000000000000 
0.000000000000000 
0.000000000000000 
0.000000000000000 
0.000000000000000 
0.000000000000000 
0.000000000000000 
0.000000000000000 
0.000000000000000 
0.000000000000000 
0.000000000000000 
0.000000000000000 
0.000000000000000 
0.000000000000000 
0.000000000000000 
0.000000000000000 
0.000000000000000 
0.000000000000000 
0.000000000000000 
0.000000000000000 
0.000000000000000 
0.000000000000000 
0.000000000000000 
0.000000000000000 
0.000000000000000 
0.000000000000000 
0.000000000000000 
0.000000000000000 
0.000000000000000 
0.000000000000000 
0.000000000000000 
0.000000000000000 
0.000000000000000 
0.000000000000000 
0.000000000000000 
0.000000000000000 
0.000000000000000 
0.000000000000000 
0.000000000000000 
0.000000000000000 
0.000000000000000 
0.000000000000000 
0.000000000000000 
0.000000000000000 
0.000000000000000 
0.000000000000000 
0.000000000000000 
0.000000000000000 
0.000000000000000 
0.000000000000000 
0.000000000000000 
0.000000000000000 
0.000000000000000 
0.000000000000000 
0.000000000000000 
0.000000000000000 
0.000000000000000 
0.000000000000000 
0.000000000000000 
0.000000000000000 
0.000000000000000 
0.000000000000000 
0.000000000000000 
0.000000000000000 
0.000000000000000 
0.000000000000000 
0.000000000000000 
0.000000000000000 
0.000000000000000 
0.000000000000000 
0.000000000000000 
0.000000000000000 
0.000000000000000 
0.000000000000000 
0.000000000000000 
0.000000000000000 
0.000000000000000 
0.000000000000000 
0.000000000000000 
0.000000000000000 
0.000000000000000 
0.000000000000000 
0.000000000000000 
0.000000000000000 
0.000000000000000 
0.000000000000000 
0.000000000000000 
0.000000000000000 
0.000000000000000 
0.000000000000000 
0.000000000000000 
0.000000000000000 
0.000000000000000 
0.002282263969432 
0.012711849318425 
0.023896790990578 
0.035889073400580 
0.048744951378201 
0.062525047095718 
0.077294925003016 
0.093123641237751 
0.110086159827957 
0.128264485228131 
0.147744910347087 
0.168620118690050 
0.190992808915767 
0.216193361819835 
0.243429234628412 
0.272635072279328 
0.303943499263998 
0.337890827963729 
0.378223139618598 
0.423463189895764 
0.471714968488412 
0.523198246481432 
0.578102806321739 
0.636918582913532 
0.700420366926831 
0.768331926635830 
0.841005888040053 
0.918851849431235 
1.001827930739936 
1.090188568701682 
1.186149787555103 
1.289278695154086 
1.399019351275904 
1.515934618118629 
1.640068185416250 
1.771728124795772 
1.911362992081011 
2.059203277167266 
2.215426141943306 
2.381439230726455 
2.557555386730146 
2.743431082136126 
2.939345526225559 
3.145812831862694 
3.363042236688133 
3.591445380004159 
3.831888647815290 
4.084884521759741 
4.350270215217323 
4.628464162674654 
4.919901432003912 
5.225262655913905 
5.545059342461291 
5.879574661383289 
6.229151255611989 
6.594292553560641 
6.975688243314902 
7.373805882895208 
7.789009051237957 
8.221828642900041 
8.672873508769953 
9.142708428196450 
9.631875958902929 
10.141019862277572 
10.670694793045806 
11.221516581685853 
11.794130681588253 
12.389191876911831 
13.007363740200873 
13.649340082007891 
14.315835714903878 
15.007619284359311 
15.725385046751860 
16.469906151582364 
17.241971695991879 
18.042370733239064 
18.871931182284911 
19.731492994933454 
20.621917965654749 
21.544090848870329 
22.498916024202462 
23.487321123710696 
24.510264401960907 
25.568721768465970 
26.663675214976969 
27.796144040763473 
28.967163121920571 
30.177797105999836 
31.429132507561036 
32.722282151446684 
34.058382395266271 
35.438595116903286 
36.864107597313307 
38.336133368971133 
39.855912414658228 
41.424711638679796 
43.043825236958419 
44.714575106170670 
46.438311253854323 
48.216412217231053 
50.050285494545378 
51.941367989885549 
53.891126478690609 
55.901063091015189 
57.972702180924301 
60.107601168512033 
62.307350306039794 
64.573571418761759 
66.907918894994182 
69.312080308577933 
71.787776941067861 
74.336764192544734 
76.960831982983080 
79.661805246524921 
82.441544406541041 
85.301945917293068 
88.244942817209420 
91.272505279982639 
94.386641164194174 
97.589396563763046 
100.882856360774895 
104.269144781531537 
107.750425956231510 
111.328904482463884 
115.006825992583657 
118.786477724981495 
122.670189099242265 
126.660332295187402 
130.759322835809229 
134.969620174126987 
139.293728284016112 
143.734196255089756 
148.293618891730659 
152.974637316394819 
157.779939577323461 
162.712261260810948 
167.774386108184842 
172.969146637657559 
178.299424771205793 
183.768152466629033 
189.378312354929619 
195.132938383144136 
201.035116462739126 
207.087985123668346 
213.294736174167383 
219.658615366339859 
226.182923067566151 
232.871014937737840 
239.726302612294205 
246.752254391004897 
253.952395932404329 
261.330310953744174 
268.889641936282260 
276.634090835663869 
284.567419797083687 
292.693451874833443 
301.016071755727523 
309.539226485779579 
318.266926199332147 
327.203244849652606 
336.352320939754975 
345.718358251906864 
355.305626573902543 
365.118462419714888 
375.161269741561739 
385.438520629707625 
395.954755995435789 
406.714586231535236 
417.722691843290761 
428.983824041296543 
440.502805285331078 
452.284529765952641 
464.333963807273562 
476.656146170342140 
489.256188231534566 
502.139274003990863 
515.310659962057457 
528.775674618351331 
542.539717789700262 
556.608259470746930 
570.986838210769179 
585.681058796112438 
600.696586746215985 
616.039151058715561 
631.714532533711463 
647.728558415694465 
664.087092802658503 
680.796023846944422 
697.861246554124364 
715.288639416247634 
733.084032219810297 
751.253160909252983 
769.801602929749492 
788.734682181834501 
808.057324900368940 
827.773832794930172 
847.887509379901189 
868.400009196711608 
889.310122678469952 
910.611297261795471 
932.285971605135046 
954.290617152700179 
976.497266707236122 
998.377878708051639 
0.653339633757208 
0.653339633757213 
0.653339633757718 
0.653339633765899 
0.653339633822313 
0.653339634067652 
0.653339634869580 
0.653339637029691 
0.653339642090585 
0.653339652763117 
0.653339673493841 
0.653339711192667 
0.653339776140752 
0.653339883098695 
0.653340052634995 
0.653340312694867 
0.653340700429392 
0.653341264305065 
0.653342066513752 
0.653343185703076 
0.653344720047307 
0.653346790678714 
0.653349545499505 
0.653353163394304 
0.653357858863279 
0.653363887095935 
0.653371549505633 
0.653381199744909 
0.653393250221689 
0.653408179136466 
0.653426538060602 
0.653448960075887 
0.653476168495529 
0.653508986186846 
0.653548345515898 
0.653595298934438 
0.653651030229579 
0.653716866456755 
0.653794290576517 
0.653884954816029 
0.653990694776080 
0.654113544304819 
0.654255751159456 
0.654419793477538 
0.654608397079645 
0.654824553625720 
0.655071539647601 
0.655352936480775 
0.655672651118892 
0.656034938015146 
0.656444421855222 
0.656906121327324 
0.657425473915543 
0.658008361743737 
0.658661383512738 
0.659394243242740 
0.660211609534262 
0.661121458868989 
0.662132360828765 
0.663253510978448 
0.664494765021763 
0.665866674267690 
0.667380522446700 
0.669048363918170 
0.670883063312257 
0.672898336651639 
0.675108794000607 
0.677529983691238 
0.680178438178370 
0.683071721577276 
0.686228478939788 
0.689668487326397 
0.693412708733386 
0.697483344935148 
0.701903894302583 
0.706705261838754 
0.711912401429609 
0.717549188977605 
0.723644973025149 
0.730230716830667 
0.737339068306276 
0.745004432315655 
0.753267925275185 
0.762184027965976 
0.771773578754676 
0.782078895261269 
0.793144455022276 
0.805027589740288 
0.817803207195309 
0.831488969879379 
0.846138956109178 
0.861830253129347 
0.878636507448238 
0.896588627312568 
0.915760573206066 
0.936251856824908 
0.958096744785724 
0.981391711140732 
1.006227150414290 
1.032653717859969 
1.060835796079973 
1.090793883812882 
1.122734263125578 
1.156697808354498 
1.192814457309880 
1.231166193553470 
1.271874688699899 
1.315024043018389 
1.360817657890855 
1.409299459448879 
1.460694181979736 
1.515075693459499 
1.572608196728454 
1.633477334772480 
1.697777465250017 
1.765702015338618 
1.837461818489240 
1.913199000119261 
1.993113057872451 
2.077441031129172 
2.166298870782708 
2.259911302995331 
2.358520884729471 
2.462420939083438 
2.571751464846972 
2.686738086471495 
2.807615687173147 
2.934638016755663 
3.068114568583757 
3.208267047781180 
3.355379781588911 
3.509739339224742 
3.671647460137247 
3.841427844053354 
4.019378636547307 
4.205821732000902 
4.401057110247873 
4.605433288140290 
4.819304718746801 
5.043038079596755 
5.277011698127914 
5.521610123574177 
5.777221991267514 
6.044247029103262 
6.323107979631047 
6.614239490019915 
6.918082792494916 
7.235062763237152 
7.565637680976691 
7.910283219766139 
8.269490370099099 
8.643761690299163 
9.033607696345261 
9.439551980806717 
9.862136197410239 
10.301917172958134 
10.759463575496975 
11.235357601481679 
11.730196483171010 
12.244591410749367 
12.779168405832745 
13.334570147850378 
13.911455157295773 
14.510498004412231 
15.132390601389385 
15.777842069773758 
16.447578291378115 
17.142340972963439 
17.862887061147067 
18.609995172414223 
19.384460675298385 
20.187096590898619 
21.018737333541953 
21.880236007724783 
22.772465694699722 
23.696320301525127 
24.652713426803430 
25.642580631711979 
26.666879657995857 
27.726588853652860 
28.822706455389774 
29.956255553696582 
31.128281357013677 
32.339853546951190 
33.592063989705522 
34.886028798813278 
36.222888174941488 
37.603807927143322 
39.029979033729710 
40.502618434203960 
42.022969224185907 
43.592301177435829 
45.211911116185995 
46.883123360199733 
48.607290153143033 
50.385792111415675 
52.220038683023446 
54.111468629551908 
56.061550545083591 
58.071783321211740 
60.143695845862396 
62.278848095579036 
64.478831074621468 
66.745267888294933 
69.079814258990211 
71.484159021614062 
73.960024542955836 
76.509167142523467 
79.133377577443810 
81.834481518267978 
84.614340110037844 
87.474850525023641 
90.417946507621863 
93.445598917645356 
96.559816275183493 
99.762645308476920 
103.056171505446798 
106.442519669149632 
109.923854477252434 
113.502381045547281 
117.180345495487387 
120.960035525718069 
124.843780987581738 
128.833954464588771 
132.932971855868402 
137.143292963630699 
141.467422084700502 
145.907908606199186 
150.467347605472781 
155.148380454382107 
159.953695428081915 
164.886028318424763 
169.948163052133054 
175.142932313882739 
180.473218174437363 
185.941952723969820 
191.552118710695225 
197.306750184932042 
203.208933148687862 
209.261806210855582 
215.468561248083631 
221.832444071364023 
228.356755098360225 
235.044850031470503 
241.900140541594624 
248.926094957542318 
256.126238960979663 
263.504156286774560 
271.063489428548053 
278.807940349176420 
286.741271195919182 
294.867305019759101 
303.189926498424711 
311.713082662439547 
320.440783623364268 
329.377103303202603 
338.526180163672336 
347.892217933735481 
357.479486333385125 
367.292321791197082 
377.335128152560458 
387.612377374751759 
398.128610204103722 
408.888436829386364 
419.896537504107982 
431.157663128721822 
442.676635781554978 
454.458349184610825 
466.507769087065697 
478.829933545102961 
491.429953071499881 
504.313010621752483 
517.484361375116009 
530.949332258125992 
544.713321144184761 
558.781795644439626 
573.160291380550916 
587.854409596623100 
602.869813988590181 
618.212226675286388 
633.887422063217173 
649.901219438238286 
666.259472916230948 
682.968058020855551 
700.032853613157727 
717.459717284304929 
735.254451348987232 
753.422754979941487 
771.970155314997669 
790.901905593639640 
810.222829583321072 
829.937074478361865 
850.047699167851420 
870.555946131977862 
891.459852830057798 
912.751328835222466 
934.409126120678138 
956.378437342196207 
978.493980585472400 
1000.000000000000000 
0.000000000000000 
0.000000000000000 
0.000000000000000 
0.000000000000000 
0.000000000000000 
0.000000000000000 
0.000000000000000 
0.000000000000000 
0.000000000000000 
0.000000000000000 
0.000000000000000 
0.000000000000000 
0.000000000000000 
0.000000000000000 
0.000000000000000 
0.000000000000000 
0.000000000000000 
0.000000000000000 
0.000000000000000 
0.000000000000000 
0.000000000000000 
0.000000000000000 
0.000000000000000 
0.000000000000000 
0.000000000000000 
0.000000000000000 
0.000000000000000 
0.000000000000000 
0.000000000000000 
0.000000000000000 
0.000000000000000 
0.000000000000000 
0.000000000000000 
0.000000000000000 
0.000000000000000 
0.000000000000000 
0.000000000000000 
0.000000000000000 
0.000000000000000 
0.000000000000000 
0.000000000000000 
0.000000000000000 
0.000000000000000 
0.000000000000000 
0.000000000000000 
0.000000000000000 
0.000000000000000 
0.000000000000000 
0.000000000000000 
0.000000000000000 
0.000000000000000 
0.000000000000000 
0.000000000000000 
0.000000000000000 
0.000000000000000 
0.000000000000000 
0.000000000000000 
0.000000000000000 
0.000000000000000 
0.000000000000000 
0.000000000000000 
0.000000000000000 
0.000000000000000 
0.000000000000000 
0.000000000000000 
0.000000000000000 
0.000000000000000 
0.000000000000000 
0.000000000000000 
0.000000000000000 
0.000000000000000 
0.000000000000000 
0.000000000000000 
0.000000000000000 
0.000000000000000 
0.000000000000000 
0.000000000000000 
0.000000000000000 
0.000000000000000 
0.000000000000000 
0.000000000000000 
0.000000000000000 
0.000000000000000 
0.000000000000000 
0.000000000000000 
0.000000000000000 
0.000000000000000 
0.000000000000000 
0.000000000000000 
0.000000000000000 
0.000000000000000 
0.000000000000000 
0.000000000000000 
0.000000000000000 
0.000000000000000 
0.000000000000000 
0.000000000000000 
0.002982920842671 
0.014019974708322 
0.025847276648984 
0.038520537140074 
0.052097030401700 
0.066639052886468 
0.082213641423483 
0.098894178733248 
0.116757019061552 
0.135885077978058 
0.156369027118378 
0.178304397423780 
0.201794293211331 
0.228100119832670 
0.256656618513442 
0.287254647485490 
0.320036519166860 
0.355313352035997 
0.396731926068079 
0.444020403955227 
0.494433281369808 
0.548174232003173 
0.605459293861878 
0.666607938105700 
0.732665369590047 
0.803364328648727 
0.878858179765220 
0.959770326309867 
1.046015491967744 
1.137780124026790 
1.236539799758309 
1.343562633138615 
1.457319174330743 
1.578428766529814 
1.707057268812609 
1.843550942617901 
1.988050521082676 
2.141211214451413 
2.303050339482179 
2.474247335706182 
2.656273549556629 
2.848620989865362 
3.051317661346925 
3.264735026949547 
3.489398619168708 
3.725615885011857 
3.973892233804922 
4.235074521234567 
4.509433914396443 
4.796975043007826 
5.098151396037609 
5.413483681690627 
5.743623582516053 
6.089177455903319 
6.450320508119418 
6.827445847001345 
7.221130729881253 
7.631987469402710 
8.060701725715246 
8.507525325694942 
8.973037424311295 
9.457877615965469 
9.962660359927513 
10.487912605109299 
11.034299253456002 
11.602506436415386 
12.193112173493516 
12.806779066788394 
13.444228414884805 
14.106147940131883 
14.793245453026371 
15.506280534946519 
16.246007566684849 
17.013246106979061 
17.808766748067214 
18.633381647665448 
19.487943027708020 
20.373295062855149 
21.290321090974235 
22.239922530260323 
23.223021212271576 
24.240562473243905 
25.293509414460740 
26.382851150390504 
27.509598145870036 
28.674791905393000 
29.879500344792348 
31.124791784348680 
32.411781178857943 
33.741595770707029 
35.115393081101580 
36.534351602830192 
37.999679144027191 
39.512608552696150 
41.074400491291087 
42.686342583104384 
44.349750335345227 
46.065967293334893 
47.836365529879039 
49.662346022374415 
51.545339082628246 
53.486804783208811 
55.488233398781801 
57.551145857860504 
59.677094180398072 
61.867661942249541 
64.124464669216678 
66.449150269151744 
68.843401079108531 
71.308932885702916 
73.847491358730622 
76.460858608854522 
79.150851952509285 
81.919323834160082 
84.768162516859732 
87.699292689717666 
90.714676032915449 
93.816311765584629 
97.006237190145271 
100.286528239070392 
103.659300026275019 
107.126707403729498 
110.690945523287269 
114.354250403517852 
118.118899501291253 
121.987212287875934 
125.961550829343793 
130.044320371117408 
134.237969926536323 
138.544992869360613 
142.967927530172602 
147.509357796676142 
152.171913717931375 
156.958272112594898 
161.871157181266540 
166.913341123067596 
172.087644756597342 
177.396938145424627 
182.844141228286361 
188.432224454162451 
194.164209422399153 
200.043169528046064 
206.072230612561327 
212.254571620028770 
218.593425259010417 
225.092078670142826 
231.753874099564968 
238.582209578240963 
245.580539607217446 
252.752375848832287 
260.101287823858513 
267.630903614544536 
275.344910573471566 
283.247056038112305 
291.341148050937704 
299.631056084857789 
308.120711773729965 
316.814109647586804 
325.715307872153005 
334.828428992103113 
344.157660677379909 
353.707256471722189 
363.481536542347385 
373.484888429465911 
383.721767794000868 
394.196699161476602 
404.914276659565303 
415.879164746170488 
427.096098924192802 
438.569886438194487 
450.305406947060533 
462.307613165343014 
474.581531464248258 
487.132262421080554 
499.964981303276886 
513.084938469846520 
526.497459668852798 
540.207946204317636 
554.221874939302097 
568.544798093495956 
583.182342783241552 
598.140210238979193 
613.424174652869851 
629.040081460091301 
644.993844959276316 
661.291445089184435 
677.938923101571163 
694.942375782183944 
712.307947739109864 
730.041821078380508 
748.150201481978911 
766.639299225117384 
785.515302895582749 
804.784342280335636 
824.452434620373651 
844.525404295800058 
865.008758011821669 
885.907481084349001 
907.225683585202091 
928.965932913435608 
951.127825656797540 
973.703436602638590 
996.658167001115203 
0.680917582407383 
0.680917582407386 
0.680917582407887 
0.680917582416007 
0.680917582471991 
0.680917582715460 
0.680917583511277 
0.680917585654923 
0.680917590677244 
0.680917601268431 
0.680917621841150 
0.680917659252635 
0.680917723705695 
0.680917829848416 
0.680917998092527 
0.680918256170250 
0.680918640949501 
0.680919200527373 
0.680919996621704 
0.680921107280679 
0.680922629930284 
0.680924684779526 
0.680927418603302 
0.680931008922778 
0.680935668603187 
0.680941650888953 
0.680949254896003 
0.680958831581236 
0.680970790209029 
0.680985605334767 
0.681003824325323 
0.681026075436515 
0.681053076467542 
0.681085644012503 
0.681124703329071 
0.681171298844535 
0.681226605319492 
0.681291939689440 
0.681368773604857 
0.681458746690229 
0.681563680542825 
0.681685593492104 
0.681826716140859 
0.681989507709476 
0.682176673204899 
0.682391181436305 
0.682636283899757 
0.682915534554638 
0.683232810515042 
0.683592333679929 
0.683998693326431 
0.684456869691422 
0.684972258567157 
0.685550696937858 
0.686198489684823 
0.686922437388967 
0.687729865260720 
0.688628653228589 
0.689627267219074 
0.690734791662182 
0.691960963258479 
0.693316206045287 
0.694811667801710 
0.696459257834000 
0.698271686184990 
0.700262504313482 
0.702446147291670 
0.704842391277428 
0.707469733802427 
0.710339931853411 
0.713471476013474 
0.716883978805975 
0.720598227061615 
0.724636236174151 
0.729021306305602 
0.733778080602208 
0.738932605482567 
0.744512393058532 
0.750546485747934 
0.757077746399086 
0.764129745523537 
0.771734230503978 
0.779927128301649 
0.788746256971621 
0.798231404514125 
0.808438728021717 
0.819408568243877 
0.831178169943353 
0.843796132504416 
0.857320042612611 
0.871846475022292 
0.887384976566881 
0.903994420876036 
0.921772781572809 
0.940783093998280 
0.961062314892871 
0.982705779642632 
1.005789838448783 
1.030367781775031 
1.056575875000162 
1.084458038880956 
1.114122871460830 
1.145675446158383 
1.179212925742051 
1.214935271905896 
1.252848727211606 
1.293182798263649 
1.335926936429405 
1.381242730846908 
1.429252450661996 
1.480085983597498 
1.533966299660865 
1.590942097717419 
1.651219782126012 
1.714922141635754 
1.782188570388182 
1.853250917136291 
1.928254043895607 
2.007377703577427 
2.090893743014595 
2.178942388975358 
2.271686422466273 
2.369336860234988 
2.472190997054033 
2.580514447546316 
2.694465760981816 
2.814264202447827 
2.940151313094684 
3.072445546997223 
3.211370515478766 
3.357193596770924 
3.510206702429498 
3.670713551435433 
3.839021988727083 
4.015454158787586 
4.200350993878386 
4.393986269369847 
4.596696325774016 
4.808834421950316 
5.030768412012941 
5.262877219860007 
5.505548562678363 
5.759180611430843 
6.024177883966413 
6.300952253125467 
6.589918037678835 
6.891498361337023 
7.206147393035273 
7.534328416282802 
7.876511478904522 
8.233177091539075 
8.604825785558880 
8.991975998932492 
9.395156051095668 
9.814902722107718 
10.251763874484094 
10.706306281276360 
11.179117492539376 
11.670794528269184 
12.181946000997344 
12.713200160365208 
13.265203157537941 
13.838607675373332 
14.434082257473897 
15.052320010983905 
15.694029221715022 
16.359929141639341 
17.050761395308299 
17.767288515387470 
18.510288006205023 
19.280559180892087 
20.078906782995041 
20.906163085090235 
21.763182240361129 
22.650831574597408 
23.570008473706608 
24.521619173369952 
25.506591406950825 
26.525879001362789 
27.580455700433497 
28.671317869524785 
29.799484339440262 
30.965998250282283 
32.171931548108077 
33.418373181218413 
34.706434125151631 
36.037245847815747 
37.411969932501407 
38.831791514644543 
40.297922565777881 
41.811600689449804 
43.374090312961044 
44.986682732185265 
46.650696689062030 
48.367478732809857 
50.138403674734910 
51.964875018092265 
53.848325406405202 
55.790217077711716 
57.792042326133441 
59.855323934400559 
61.981615658002639 
64.172502565540498 
66.429601531000003 
68.754561740245379 
71.149065476144031 
73.614828468482813 
76.153600042764182 
78.767163824179846 
81.457337950066517 
84.225975770198545 
87.074966476840956 
90.006235672378750 
93.021745915218332 
96.123497261530432 
99.313527809240639 
102.593914246418947 
105.966772404662535 
109.434257817511792 
112.998566283752012 
116.661934435407403 
120.426640310236792 
124.295003928558558 
128.269387874265476 
132.352197879916048 
136.545883415827774 
140.852938283125354 
145.275901210736578 
149.817356456355128 
154.479934411423756 
159.266312210214920 
164.179214343113244 
169.221413274220055 
174.395730063420842 
179.705034993060508 
185.152248199385042 
190.740340308901807 
196.472333079817133 
202.351300048695691 
208.380367182482900 
214.562713536016133 
220.901571915133530 
227.400229545476179 
234.062028747061674 
240.890367614676791 
247.888700704126478 
255.060539724344324 
262.409454235343674 
269.939072351965706 
277.653081453337279 
285.555228897919164 
293.649322743986318 
301.939232475315691 
310.428889731808567 
319.122289044686113 
328.023488575815009 
337.136610860592896 
346.465843553692991 
356.015440176783329 
365.789720867132246 
375.793073125727290 
386.029952563227312 
396.504883641639083 
407.222460409125517 
418.187347224717882 
429.404279468955110 
440.878064235510692 
452.613580997724171 
464.615782242494845 
476.889694062226113 
489.440416693298971 
502.273124986796233 
515.393068793789212 
528.805573243193521 
542.516038884788600 
556.529941663172053 
570.852832679748190 
585.490337689245507 
600.448156265583862 
615.732060590010178 
631.347893634957700 
647.301566683215583 
663.599055972149586 
680.246398194117774 
697.249684491653852 
714.615052445794618 
732.348675345899892 
750.456747707487807 
768.945465498048407 
787.820998708255388 
807.089452522027841 
826.756810914300900 
846.828852053193032 
867.311016244613484 
888.208189250934197 
909.524323508002226 
931.261718042885605 
953.419460270436389 
975.988309002084634 
998.928851199341580 
0.000000000000000 
0.000000000000000 
0.000000000000000 
0.000000000000000 
0.000000000000000 
0.000000000000000 
0.000000000000000 
0.000000000000000 
0.000000000000000 
0.000000000000000 
0.000000000000000 
0.000000000000000 
0.000000000000000 
0.000000000000000 
0.000000000000000 
0.000000000000000 
0.000000000000000 
0.000000000000000 
0.000000000000000 
0.000000000000000 
0.000000000000000 
0.000000000000000 
0.000000000000000 
0.000000000000000 
0.000000000000000 
0.000000000000000 
0.000000000000000 
0.000000000000000 
0.000000000000000 
0.000000000000000 
0.000000000000000 
0.000000000000000 
0.000000000000000 
0.000000000000000 
0.000000000000000 
0.000000000000000 
0.000000000000000 
0.000000000000000 
0.000000000000000 
0.000000000000000 
0.000000000000000 
0.000000000000000 
0.000000000000000 
0.000000000000000 
0.000000000000000 
0.000000000000000 
0.000000000000000 
0.000000000000000 
0.000000000000000 
0.000000000000000 
0.000000000000000 
0.000000000000000 
0.000000000000000 
0.000000000000000 
0.000000000000000 
0.000000000000000 
0.000000000000000 
0.000000000000000 
0.000000000000000 
0.000000000000000 
0.000000000000000 
0.000000000000000 
0.000000000000000 
0.000000000000000 
0.000000000000000 
0.000000000000000 
0.000000000000000 
0.000000000000000 
0.000000000000000 
0.000000000000000 
0.000000000000000 
0.000000000000000 
0.000000000000000 
0.000000000000000 
0.000000000000000 
0.000000000000000 
0.000000000000000 
0.000000000000000 
0.000000000000000 
0.000000000000000 
0.000000000000000 
0.000000000000000 
0.000000000000000 
0.000000000000000 
0.000000000000000 
0.000000000000000 
0.000000000000000 
0.000000000000000 
0.000000000000000 
0.000000000000000 
0.000000000000000 
0.000000000000000 
0.000000000000000 
0.000000000000000 
0.000000000000000 
0.000000000000000 
0.000000000000000 
0.000000000000000 
0.005403995466003 
0.017108796098360 
0.029643985046991 
0.043066199699948 
0.057436762490329 
0.072821179052885 
0.089288302435580 
0.106913022152202 
0.125777137612045 
0.145966227086229 
0.167572544055169 
0.190696913254427 
0.215575653064806 
0.243279011845581 
0.273334840306072 
0.305515536711600 
0.339975327273924 
0.376915348843867 
0.420796963245378 
0.470401448670026 
0.523268925668752 
0.579579148865689 
0.639581909186799 
0.703549402385799 
0.772675569768680 
0.846619949063416 
0.925488572328936 
1.010007719289687 
1.100016686878264 
1.195790991649977 
1.298702469094449 
1.410077145230903 
1.528648810353206 
1.654761318619303 
1.788563411739474 
1.930656075997563 
2.081025101354447 
2.240182246124396 
2.408468544398626 
2.586360391791179 
2.775107291493434 
2.974857492584683 
3.185319162120428 
3.406864407805591 
3.639878044373155 
3.884952816299413 
4.142437390277083 
4.413103973490797 
4.697340214052931 
4.995411113495439 
5.307521935067835 
5.634211216829400 
5.976082139440824 
6.333776778535110 
6.707692098148820 
7.098120760636283 
7.505579382725779 
7.930704410238361 
8.374066122948449 
8.836291061251915 
9.317751522791108 
9.819086469985326 
10.340933338055116 
10.883892730579044 
11.448558608658281 
12.035619209195538 
12.645824209412794 
13.279744684312702 
13.938092228928420 
14.621625161246843 
15.331061617930121 
16.067140203068764 
16.830662125220726 
17.622422383392966 
18.443234515778634 
19.293983709760965 
20.175481324168345 
21.088609630044825 
22.034274580142352 
23.013377679097417 
24.026866004681406 
25.075699684096477 
26.160860793109233 
27.283358182586191 
28.444221542806012 
29.644505739125737 
30.885289448642396 
32.167677469686083 
33.492820169552353 
34.861849734723783 
36.275951274003738 
37.736323754223150 
39.244198255867431 
40.800830299024014 
42.407503521508573 
44.065528832303940 
45.776245258193661 
47.541020227371092 
49.361250021429043 
51.238360193803487 
53.173805998125992 
55.169072825441930 
57.225676647379380 
59.345164464098218 
61.529114758891865 
63.779137943330213 
66.096876803097018 
68.484006957046901 
70.942237381673479 
73.473310910884550 
76.079004669427661 
78.761130608783461 
81.521535938715459 
84.362106598373614 
87.284759807223537 
90.291450476072640 
93.384171928419335 
96.564955246204605 
99.835869940094540 
103.199024564972831 
106.656567296059762 
110.210686496662575 
113.863611285504078 
117.617612106799555 
121.475001304456740 
125.438133700889182 
129.509407180510976 
133.691263277807309 
137.986187769824909 
142.396711272933572 
146.925409843742102 
151.574905584090629 
156.347867250087347 
161.247010865194454 
166.275100337408730 
171.434948080616607 
176.729415640226080 
182.161414323209129 
187.733905832697758 
193.449902907293506 
199.312469965254110 
205.324723753722310 
211.489834003158506 
217.811024087131841 
224.291571687610485 
230.934809465880278 
237.744125739201934 
244.722965163296294 
251.874829420729611 
259.203277915242666 
266.711928472045429 
274.404458044071475 
282.284603424153829 
290.356161963054092 
298.622992293237189 
307.089015058239511 
315.758213647430637 
324.634634935906774 
333.722390029178939 
343.025655012237053 
352.548671702456147 
362.295748405682104 
372.271260674672135 
382.479652068859139 
392.925434914165066 
403.613191061278656 
414.547572640433145 
425.733302810254600 
437.175176497671714 
448.878061125164777 
460.846897320758217 
473.086699605066997 
485.602557048375672 
498.399633889062727 
511.483170102624626 
524.858481907994246 
538.530962194649987 
552.506080849995442 
566.789384961458950 
581.386498861475957 
596.303123975946619 
611.545038433617719 
627.118096361740641 
643.028226782830302 
659.281432008529009 
675.883785390692537 
692.841428241964081 
710.160565671629683 
727.847460986632086 
745.908428165458872 
764.349821696333038 
783.178022732238560 
802.399419966451660 
822.020382709001751 
842.047222021978769 
862.486132770105314 
883.343103539924414 
904.623768859429106 
926.333148731979463 
948.475137556705022 
971.051127754534036 
994.054839285261096 
0.708682153481562 
0.708682153481567 
0.708682153482067 
0.708682153490147 
0.708682153545869 
0.708682153788196 
0.708682154580284 
0.708682156713887 
0.708682161712673 
0.708682172254235 
0.708682192730558 
0.708682229966750 
0.708682294117807 
0.708682399763184 
0.708682567218969 
0.708682824087441 
0.708683207063766 
0.708683764019673 
0.708684556383811 
0.708685661838661 
0.708687177353696 
0.708689222574672 
0.708691943588731 
0.708695517085212 
0.708700154931897 
0.708706109186522 
0.708713677563345 
0.708723209374619 
0.708735111966763 
0.708749857671122 
0.708767991289144 
0.708790138131896 
0.708817012633825 
0.708849427560754 
0.708888303832099 
0.708934680977385 
0.708989728247214 
0.709054756398905 
0.709131230177123 
0.709220781509950 
0.709325223440999 
0.709446564818281 
0.709587025760854 
0.709749053924323 
0.709935341586732 
0.710148843576511 
0.710392796064627 
0.710670736243373 
0.710986522914795 
0.711344358012186 
0.711748809078706 
0.712204832727837 
0.712717799111131 
0.713293517419497 
0.713938262445292 
0.714658802233359 
0.715462426850420 
0.716356978303359 
0.717350881638404 
0.718453177254520 
0.719673554466125 
0.721022386351696 
0.722510765926969 
0.724150543683036 
0.725954366531964 
0.727935718204500 
0.730108961146705 
0.732489379964576 
0.735093226467958 
0.737937766367263 
0.741041327678722 
0.744423350895841 
0.748104440986626 
0.752108323686951 
0.756470653509877 
0.761202706974626 
0.766330382787325 
0.771881035794487 
0.777883541056318 
0.784368360149701 
0.791367609756419 
0.798915132588179 
0.807058742678814 
0.815833438839112 
0.825270637190576 
0.835411935582417 
0.846301052947659 
0.857989104039648 
0.870541458237568 
0.883988144412699 
0.898382327303405 
0.913786579513112 
0.930312838563439 
0.947965667769512 
0.966809247721405 
0.986960023419022 
1.008458853485491 
1.031363098078305 
1.055802252090151 
1.081815826883749 
1.109500807679246 
1.138977440476306 
1.170287035851076 
1.203596643111221 
1.238939456618341 
1.276601146761610 
1.316547692359970 
1.359019179096048 
1.404003077367602 
1.451700593770441 
1.502168003078045 
1.555624395868743 
1.612202512413684 
1.672036566442006 
1.735309630008216 
1.802121049434181 
1.872669866535281 
1.947163519542637 
2.025742359550538 
2.108610242127388 
2.196059096095756 
2.288180178460650 
2.385181618969924 
2.487292052430310 
2.594828111349651 
2.707987203724508 
2.826990968106034 
2.952061303411115 
3.083475794139702 
3.221499474952479 
3.366387471427419 
3.518420989296481 
3.677897177926235 
3.845131398647700 
4.020437065663519 
4.204162027671448 
4.396606206726867 
4.598094828360491 
4.808966691729671 
5.029581174554050 
5.260315644631639 
5.501560520297780 
5.753719560157485 
6.017201243561034 
6.292424556721232 
6.579782454857776 
6.879698037446243 
7.192621174561957 
7.519020236305789 
7.859371117689809 
8.214156564269150 
8.583870036060146 
8.969020911351944 
9.370138365415887 
9.787767415324863 
10.222460241682276 
10.674778152845375 
11.145300196447788 
11.634622875581631 
12.143362108196202 
12.672141378099736 
13.221597993358740 
13.792392670989457 
14.385207797482934 
15.000727042496866 
15.639644697617086 
16.302689282003548 
16.990609510531208 
17.704163213153947 
18.444116558016621 
19.211269170661154 
20.006441391931837 
20.830462401721093 
21.684180886383182 
22.568453850759504 
23.484173227420513 
24.432249897091516 
25.413608913342085 
26.429201383075263 
27.479999311629541 
28.566996228358285 
29.691208605702151 
30.853675709426739 
32.055461710970732 
33.297653268411899 
34.581360610677386 
35.907719641524636 
37.277888303821769 
38.693049766464760 
40.154412320979539 
41.663210263306709 
43.220704275830315 
44.828181896332318 
46.486957958018778 
48.198375018536233 
49.963803800485451 
51.784643628608997 
53.662322875187826 
55.598299409780296 
57.594061055634114 
59.651126044073834 
61.771043479298456 
63.955393777082598 
66.205789119353796 
68.523873926745949 
70.911325393765054 
73.369853994495330 
75.901203946316912 
78.507153697862464 
81.189516350283611 
83.950140144062985 
86.790909223458115 
89.713743717307693 
92.720600595863658 
95.813474090806011 
98.994396231961076 
102.265437454496777 
105.628707191993755 
109.086354452444027 
112.640568387543851 
116.293578861809692 
120.047657024532583 
123.905115885764587 
127.868310896716110 
131.939640534607037 
136.121546891891910 
140.416516269754482 
144.827079775774678 
149.355813925699522 
154.005341249282964 
158.778330900192174 
163.677499270010543 
168.705610606397784 
173.865477635493846 
179.159962188673603 
184.591975833780396 
190.164480510975523 
195.880489173351179 
201.743066432459329 
207.755329208904470 
213.920447388149057 
220.241644481667777 
226.722198293579396 
233.365441592869416 
240.174762791300452 
247.153606627089914 
254.305474854415650 
261.633926938783645 
269.142580758274107 
276.835113310651991 
284.715261426296024 
292.786822486876986 
301.053655149666042 
309.519680077318810 
318.188880672925620 
327.065303820057352 
336.153060627456853 
345.456327177945752 
354.979345280988809 
364.726423228235149 
374.701936551177198 
384.910328779863335 
395.356112201340693 
406.043868616190764 
416.978250091122561 
428.163979705111160 
439.605852285971650 
451.308735133521623 
463.277568724587979 
475.517367393984159 
488.033219984218476 
500.830290454970736 
513.913818441266130 
527.289119746630149 
540.961586754220434 
554.936688734786799 
569.219972025139668 
583.817060044335221 
598.733653107187934 
613.975527993182141 
629.548537186510657 
645.458607705387294 
661.711739412223210 
678.314002658711615 
695.271535070384857 
712.590537205581086 
730.277266722819490 
748.338030540491445 
766.779174243638749 
785.607067632243115 
804.828084719499657 
824.448575498454488 
844.474825046699266 
864.912992285632527 
885.769014271724018 
907.048448136483557 
928.756190154063461 
950.895917921379805 
973.468539541580640 
996.466241962684990 
