0.000000000000000 
0.000000000000000 
0.000000000000000 
0.000000000000000 
0.000000000000000 
0.000000000000000 
0.000000000000000 
0.000000000000000 
0.000000000000000 
0.000000000000000 
0.000000000000000 
0.000000000000000 
0.000000000000000 
0.000000000000000 
0.000000000000000 
0.000000000000000 
0.000000000000000 
0.000000000000000 
0.000000000000000 
0.000000000000000 
0.000000000000000 
0.000000000000000 
0.000000000000000 
0.000000000000000 
0.000000000000000 
0.000000000000000 
0.000000000000000 
0.000000000000000 
0.000000000000000 
0.003116175183619 
0.024432368479661 
0.050742088251309 
0.083070995192935 
0.122649874902052 
0.171972315040008 
0.243739308819981 
0.334620535228969 
0.444942789533567 
0.579352119679218 
0.750114539245151 
0.956793871739775 
1.204246439437185 
1.505479712010568 
1.864661828189190 
2.290504678182877 
2.794111606969588 
3.384073251383103 
4.073296104656613 
4.872449246790862 
5.793966129919371 
6.850393014275957 
8.055326399287420 
9.423174794691308 
10.969431376635875 
12.711221854991278 
14.666500337953702 
16.854372837088317 
19.295659945091472 
22.012919618524904 
25.030515073401876 
28.374679276519572 
32.073583591234836 
36.157415568043334 
40.658460252923078 
45.611189921004218 
51.052363372614238 
57.021130995159666 
63.559144771086608 
70.710673314794832 
78.522721743822757 
87.045156106116067 
96.330832033104230 
106.435727280868903 
117.419077866244976 
129.343517590504888 
142.275220843309171 
156.284048658887230 
171.443698020400831 
187.831854346975632 
205.530346923120362 
224.625306676846378 
245.207325366296800 
267.371614101723310 
291.218155336284610 
316.851849005267525 
344.382646851747950 
373.925644345528269 
405.601131241238704 
439.534559143840738 
475.856378942543984 
514.701669226090416 
556.209424735520543 
600.521276862694776 
647.779223758137277 
698.121525361399677 
751.674918488685307 
808.538800822378221 
868.749918337436839 
932.193803545315973 
998.222717019855509 
0.667430207718542 
0.667430207727722 
0.667430208893623 
0.667430227795909 
0.667430358128971 
0.667430924931372 
0.667432777621942 
0.667437768111978 
0.667449460265405 
0.667474116986018 
0.667522011230853 
0.667609107295662 
0.667759158818530 
0.668006270144484 
0.668397968055191 
0.668998831495310 
0.669894727964988 
0.671197706893315 
0.673051602815720 
0.675638404862993 
0.679185454286698 
0.683973538852596 
0.690346695274834 
0.698823901444885 
0.709831564447360 
0.723972717034303 
0.741961801922227 
0.764640195944475 
0.792993377842388 
0.828169853603805 
0.871734624123823 
0.925156483577465 
0.990118546581230 
1.069003129418323 
1.164069967426094 
1.278386010626544 
1.415303007590368 
1.578234721462281 
1.770845732130584 
1.998332967239189 
2.265551875592803 
2.578105288482666 
2.942325953664608 
3.365453743423153 
3.854885867784472 
4.418804593731008 
5.066439357368325 
5.807801478931981 
6.653745178075825 
7.616056471295704 
8.707485500020422 
9.941832419209465 
11.334002847862312 
12.900091745700427 
14.657452305361744 
16.624697496995708 
18.821807964406236 
21.270251447652424 
23.993088411964983 
27.015061960672810 
30.362684500708415 
34.064337039898341 
38.150361581455194 
42.653156179841517 
47.607279890611181 
53.049559770762144 
59.019200301531257 
65.557897030269132 
72.709954267299338 
80.522406826439436 
89.045145711435339 
98.331047583650189 
108.436107821855444 
119.419577006021441 
131.344100710945213 
144.275862558261935 
158.284730517452289 
173.444406438371175 
189.832578711679048 
207.531077760696206 
226.626033736851298 
247.208035275150678 
269.372287170669779 
293.218763623236441 
318.852352533097644 
346.382981970212029 
375.925714147919166 
407.600789025111283 
441.533584021550894 
477.854439648794482 
516.698269654913361 
558.203819920044225 
602.512338237363451 
649.765210532278843 
700.099665090125768 
753.640565900604429 
810.483534938899766 
870.656513612983645 
934.020367972633039 
1000.000000000000000 
0.000000000000000 
0.000000000000000 
0.000000000000000 
0.000000000000000 
0.000000000000000 
0.000000000000000 
0.000000000000000 
0.000000000000000 
0.000000000000000 
0.000000000000000 
0.000000000000000 
0.000000000000000 
0.000000000000000 
0.000000000000000 
0.000000000000000 
0.000000000000000 
0.000000000000000 
0.000000000000000 
0.000000000000000 
0.000000000000000 
0.000000000000000 
0.000000000000000 
0.000000000000000 
0.000000000000000 
0.000000000000000 
0.000000000000000 
0.000000000000000 
0.000000000000000 
0.000000000000000 
0.000000000000000 
0.017448779586280 
0.043479364506839 
0.075432234173518 
0.114502457102698 
0.162122674888191 
0.227521740830289 
0.316415902110489 
0.424667336283433 
0.555113400771669 
0.718189988279676 
0.920467223527449 
1.161990700684175 
1.452666434955729 
1.803458590138244 
2.218381527864272 
2.709486231307786 
3.286496298270481 
3.959887252168461 
4.742736647266574 
5.646991781905626 
6.685710810204583 
7.872485349442621 
9.221877345803549 
10.749398581995614 
12.471714559815824 
14.406933218266662 
16.574822536777027 
18.995904193804879 
21.692450932196788 
24.688550677392453 
28.010172852163016 
31.685227888728186 
35.743653508255008 
40.217492776872376 
45.140975902039166 
50.550617758104401 
56.485320924985601 
62.986482394756742 
70.098105487609132 
77.866917137552477 
86.342490389086123 
95.577371778078657 
105.627213181029305 
116.550907701936268 
128.410729225691995 
141.272475386349470 
155.205613846721803 
170.283431924773652 
186.583189698813129 
204.186276756091416 
223.178372708249583 
243.649611477164115 
265.694749144639786 
289.413334826750713 
314.909883508645180 
342.294048927824463 
371.680793194803073 
403.190547495668682 
436.949354239790580 
473.088974135230046 
511.746929451552376 
553.066432095361733 
597.196100343207945 
644.289275997528875 
694.502559468958225 
747.992530337132962 
804.908055434109542 
865.369603707354372 
929.400968747102752 
996.444443438862777 
0.697091738323531 
0.697091738332681 
0.697091739494722 
0.697091758334446 
0.697091888236121 
0.697092453162479 
0.697094299720854 
0.697099273692755 
0.697110927145044 
0.697135502246984 
0.697183237934122 
0.697270045598987 
0.697419600072283 
0.697665892322410 
0.698056290602845 
0.698655157301058 
0.699548069610344 
0.700846693522859 
0.702694362745344 
0.705272417236986 
0.708807360474253 
0.713578900586766 
0.719928948463925 
0.728271655936487 
0.739104589006190 
0.753021144087220 
0.770724327730076 
0.793042029523130 
0.820943919580027 
0.855698736761140 
0.898736254475749 
0.951395593866130 
1.015431056460849 
1.093301208447351 
1.186943852272194 
1.299740700670676 
1.434476377624855 
1.595227829279546 
1.785290504056595 
2.009661266700538 
2.273295166862645 
2.581729433992396 
2.941354509811879 
3.359230394290186 
3.842734181043927 
4.400018582724118 
5.040215679545468 
5.773342943839479 
6.610287416902116 
7.562801822417424 
8.643623838894969 
9.866513853858164 
11.246341923714994 
12.799145311925315 
14.542218773855446 
16.494207419255886 
18.675154751735811 
21.106425197011323 
23.810949536956421 
26.813334012800517 
30.139920065690823 
33.818916899354633 
37.880491096153648 
42.356848369674324 
47.282344539770762 
52.693594340262983 
58.629578362035389 
65.131755049959622 
72.244176895864854 
80.013610920342288 
88.489663434553904 
97.724908947469871 
107.775022995066792 
118.698918639068438 
130.558886417633033 
143.420737614803500 
157.353950822575058 
172.431821868001720 
188.731617241041647 
206.334731169089736 
225.326846431508784 
245.798098883743251 
267.843245449252095 
291.561835000664360 
317.058381014065617 
344.442534005980690 
373.829250315359673 
405.338951366261654 
439.097663425844587 
475.237120746715391 
513.894802308080443 
555.213848850707905 
599.342760794183960 
646.434683089079499 
696.645865239219461 
750.132238226671802 
807.041399582516988 
867.491333515897395 
931.503249390544852 
998.473583406062062 
0.000000000000000 
0.000000000000000 
0.000000000000000 
0.000000000000000 
0.000000000000000 
0.000000000000000 
0.000000000000000 
0.000000000000000 
0.000000000000000 
0.000000000000000 
0.000000000000000 
0.000000000000000 
0.000000000000000 
0.000000000000000 
0.000000000000000 
0.000000000000000 
0.000000000000000 
0.000000000000000 
0.000000000000000 
0.000000000000000 
0.000000000000000 
0.000000000000000 
0.000000000000000 
0.000000000000000 
0.000000000000000 
0.000000000000000 
0.000000000000000 
0.000000000000000 
0.000000000000000 
0.000000000000000 
0.011500828339530 
0.037333181499671 
0.069017690962596 
0.107725012183135 
0.154857541611371 
0.215781290703297 
0.301629500327973 
0.408229239530998 
0.537028150435708 
0.693756033860829 
0.891760237594244 
1.129516686033037 
1.413291136201425 
1.756094521426185 
2.163888366638299 
2.645117797137277 
3.212359781082164 
3.874608334310838 
4.644755844428703 
5.535832565415658 
6.560896222966280 
7.733716658402670 
9.068947441460665 
10.582154280294429 
12.290014045575999 
14.210435097858875 
16.362815300334979 
18.768453842565084 
21.449426272999151 
24.429636413823836 
27.734906315230901 
31.392917924960525 
35.433405564578528 
39.888232793878387 
44.791448520850373 
50.179388320504607 
56.090779414891657 
62.566843234779022 
69.651403375907776 
77.390999843537756 
85.835009327269958 
95.035771035745000 
105.048717576284247 
115.932510360776050 
127.749179054624790 
140.564264673040043 
154.446966064184608 
169.470289677368100 
185.711202661397294 
203.250789440584413 
222.174411952249272 
242.571873690946859 
264.537587588338624 
288.170747555448258 
313.575503198887759 
340.861136732530895 
370.142240323388592 
401.538890828349452 
435.176816739824801 
471.187548535810606 
509.708537373576178 
550.883215939736033 
594.860954592786811 
641.796826188124669 
691.851011166082230 
745.187445199260992 
801.970769673702648 
862.358853504341596 
926.481262926370050 
994.306181287348181 
0.728060345398541 
0.728060345407572 
0.728060346554475 
0.728060365148736 
0.728060493357930 
0.728061050923894 
0.728062873423572 
0.728067782589910 
0.728079284210224 
0.728103539125497 
0.728150652870954 
0.728236329537674 
0.728383935519356 
0.728627018974026 
0.729012331134937 
0.729603396133777 
0.730484676875161 
0.731766385891643 
0.733589992232947 
0.736134478575113 
0.739623407193632 
0.744332859567301 
0.750600322465007 
0.758834603574590 
0.769526871913470 
0.783262931724491 
0.800736851765142 
0.822766082112256 
0.850430006004333 
0.885033532028157 
0.927654342651435 
0.979803254220515 
1.043364941213348 
1.120482341435043 
1.213198220207485 
1.324965723527896 
1.458118723292886 
1.617454038495369 
1.805777792604438 
2.027997676497966 
2.289188963841005 
2.594770364729586 
2.951127868076303 
3.365337752666291 
3.844691779999783 
4.397336398739528 
5.032330910408277 
5.759631773468014 
6.590138994382257 
7.535635776274676 
8.608846205613096 
9.823511278691026 
11.194482687369387 
12.737765587703601 
14.470610399413143 
16.411590211625825 
18.580710260958465 
20.999514392294415 
23.690856421975283 
26.679406979566902 
29.991237589318349 
33.654432700569380 
37.699063137157189 
42.157201276423308 
47.063061170250414 
52.453116263755625 
58.366199869507199 
64.843614875711438 
71.929248471719845 
79.669691432854989 
88.114361917966590 
97.315633678729895 
107.328968484732457 
118.213052500356042 
130.029936334132344 
142.845178525883028 
156.727992330236589 
171.751395771057844 
187.992365048054523 
205.531991446534221 
224.455641915820024 
244.853123432451667 
266.818851145338613 
290.452020098689900 
315.856780012771651 
343.142412105875110 
372.423506141390646 
403.820134569867207 
437.458018442141565 
473.468676053513036 
511.989538859115896 
553.164007771928937 
597.141401707463274 
644.076709406598297 
694.129970314738557 
747.464872185719514 
804.245590921338817 
864.629030379700566 
928.742469045227040 
996.542254826363433 
0.000000000000000 
0.000000000000000 
0.000000000000000 
0.000000000000000 
0.000000000000000 
0.000000000000000 
0.000000000000000 
0.000000000000000 
0.000000000000000 
0.000000000000000 
0.000000000000000 
0.000000000000000 
0.000000000000000 
0.000000000000000 
0.000000000000000 
0.000000000000000 
0.000000000000000 
0.000000000000000 
0.000000000000000 
0.000000000000000 
0.000000000000000 
0.000000000000000 
0.000000000000000 
0.000000000000000 
0.000000000000000 
0.000000000000000 
0.000000000000000 
0.000000000000000 
0.000000000000000 
0.000000000000000 
0.006277777045675 
0.031959658319968 
0.063440764215776 
0.101874600840760 
0.148640338192614 
0.206888797247538 
0.289085904350251 
0.394449790876276 
0.521824259040538 
0.675245099423711 
0.867907064550691 
1.102716599514110 
1.382116645125579 
1.718060755517592 
2.119726506120720 
2.593585916119905 
3.152380778301522 
3.805998775850785 
4.566303541820931 
5.446136032500254 
6.460237147767561 
7.621458459032328 
8.945108236555262 
10.446568643542747 
12.142639472376992 
14.051191710212020 
16.191480883247475 
18.584472298093466 
21.252971604006451 
24.220657084053123 
27.513101950027472 
31.157830815114657 
35.184426366726377 
39.624610025919907 
44.512306562926234 
49.883729764187763 
55.777480408707447 
62.234648830307620 
69.298922758024844 
77.016700905001315 
85.437212298972071 
94.612641126524395 
104.598256746861495 
115.452548458507920 
127.237364572669364 
140.018055373682614 
153.863619634509121 
168.846854488906473 
185.044508611317042 
202.537438785210099 
221.410770021261328 
241.754059401103348 
263.661463763778499 
287.231911216452090 
312.569276225688100 
339.782557695697278 
368.986058892362053 
400.299567192426025 
433.848530192609246 
469.764222298913637 
508.183891810894806 
549.250871369881907 
593.114621765449442 
639.930655193464190 
689.860236897822460 
743.069644259845063 
799.728483677764643 
860.005730233623581 
924.059201597287938 
991.979254504043183 
0.758431352477354 
0.758431352486290 
0.758431353621157 
0.758431372020329 
0.758431498884348 
0.758432050600325 
0.758433853978312 
0.758438711637664 
0.758450092583189 
0.758474093017428 
0.758520712452715 
0.758605490227433 
0.758751547618278 
0.758992080911642 
0.759373351112294 
0.759958216514818 
0.760830255269587 
0.762098526514218 
0.763903020841007 
0.766420854115131 
0.769873263279953 
0.774533469138493 
0.780735479502597 
0.788883916731793 
0.799464966414178 
0.813058558092697 
0.830351902963854 
0.852332961091096 
0.880015795304986 
0.914355770011522 
0.956650881080746 
1.008399915571188 
1.071652463200498 
1.148188832023193 
1.240307707188092 
1.351244483526623 
1.483394001660342 
1.641547750346807 
1.828554043467379 
2.049149808078302 
2.308548531887225 
2.612003615565963 
2.965849137131361 
3.377234253708500 
3.853458373852368 
4.402560312853534 
5.033592203976605 
5.756461460022588 
6.582013568014446 
7.522059579503331 
8.589377271194266 
9.797652899200344 
11.161756584809847 
12.697659775950477 
14.422599325175494 
16.355114721849798 
18.515277230302168 
20.924636334746921 
23.606017752781117 
26.583870107869750 
29.884325622936807 
33.535395150231672 
37.567052790954577 
42.011296079407849 
46.902254493960747 
52.276301951273332 
58.172163870586331 
64.631027739668227 
71.696657814943165 
79.415514053913085 
87.836875397475978 
97.012967432599638 
106.999094347475221 
117.853774987665730 
129.638882761011587 
142.419789136889733 
156.265510541585456 
171.248858549170251 
187.446593378228840 
204.939580798809857 
223.812952606827480 
244.156270820103344 
266.063695683961328 
289.634157437402791 
314.971531566212377 
342.184816917371620 
371.388315492661548 
402.701811840095218 
436.250748480947436 
472.166391333633783 
510.585974884055190 
551.652809517061996 
595.516320192582270 
642.331961080091332 
692.260902093195796 
745.469258093847884 
802.126342937931668 
862.400556921177895 
926.448422291908173 
994.354879411571346 
0.000000000000000 
0.000000000000000 
0.000000000000000 
0.000000000000000 
0.000000000000000 
0.000000000000000 
0.000000000000000 
0.000000000000000 
0.000000000000000 
0.000000000000000 
0.000000000000000 
0.000000000000000 
0.000000000000000 
0.000000000000000 
0.000000000000000 
0.000000000000000 
0.000000000000000 
0.000000000000000 
0.000000000000000 
0.000000000000000 
0.000000000000000 
0.000000000000000 
0.000000000000000 
0.000000000000000 
0.000000000000000 
0.000000000000000 
0.000000000000000 
0.000000000000000 
0.000000000000000 
0.000000000000000 
0.000000000000000 
0.000000000000000 
0.020542210779652 
0.056669841232569 
0.101352247566505 
0.156694326934679 
0.227589093107756 
0.319684661614999 
0.446555881062648 
0.605645630977868 
0.802335459631883 
1.044343160190462 
1.344395865337288 
1.706354969788499 
2.138972243970592 
2.654692521147185 
3.259760166060589 
3.965172415282676 
4.782117048594805 
5.721442776316636 
6.794879588953927 
8.015449965097542 
9.397359455818714 
10.956137301506097 
12.708985705523949 
14.674191628506287 
16.871265521852074 
19.321424275833550 
22.047551028186703 
25.074270704808747 
28.428025830632542 
32.137159266690347 
36.232005934769958 
40.744982022134380 
45.710681857750536 
51.165983111186932 
57.150154980872060 
63.704970153960957 
70.874821346459512 
78.706842334582277 
87.251033285300892 
96.560390132581148 
106.691037724778866 
117.702366498719172 
129.657172507624210 
142.621800717091077 
156.666291551925980 
171.864530693228119 
188.294402059636525 
206.037943728473351 
225.181505565966233 
245.815909346802357 
268.036607713904004 
291.943838478921350 
317.642770999294328 
345.243635903213260 
374.861823055576679 
406.617930962133585 
440.637734206300365 
477.052018929867359 
515.996204231913453 
557.609610209943526 
602.034122706326798 
649.411772333566091 
699.880205858322029 
753.563588175390919 
810.552192153824421 
870.847984154229152 
934.179870015941560 
999.278052770334625 
0.631714885114159 
0.631714885123417 
0.631714886299331 
0.631714905363957 
0.631715036816357 
0.631715608486625 
0.631717477088669 
0.631722510438728 
0.631734303009265 
0.631759171496383 
0.631807477101869 
0.631895321285230 
0.632046661856800 
0.632295896510348 
0.632690961310997 
0.633296992378598 
0.634200600203781 
0.635514807928094 
0.637384707799882 
0.639993894231404 
0.643571737812634 
0.648401572639993 
0.654829879612637 
0.663276560825449 
0.674246414126012 
0.688341930596901 
0.706465150753109 
0.729345635141800 
0.757957428713961 
0.793463179835339 
0.837212375578451 
0.891169712072836 
0.956825493674037 
1.036396156890042 
1.132816306750142 
1.248301630239980 
1.386848087349522 
1.551418430654246 
1.746045054150891 
1.975922858153337 
2.245719263727382 
2.561181565514560 
2.928648263108700 
3.355302732283832 
3.848433386237990 
4.416263888064622 
5.067956751657547 
5.813504951166058 
6.663751684488068 
7.630455821301727 
8.726367451150551 
9.965302830406523 
11.362206047688849 
12.933223117069531 
14.695765132921363 
16.668530600100485 
18.871597760192156 
21.326527980361043 
24.056470868089697 
27.086255662969194 
30.442477994472615 
34.153603054030327 
38.250058782431303 
42.764331153527436 
47.731071170931997 
53.187202785681180 
59.172032676142592 
65.727364336563539 
72.897616201220643 
80.729943790944944 
89.274365791092706 
98.583893904290093 
108.714666295345950 
119.726084464605179 
131.680953437881186 
144.645625222395523 
158.690145519805668 
173.888403679999158 
190.318285794510189 
208.061830634964338 
227.205387812128350 
247.839777080887217 
270.060446653732299 
293.967627323895044 
319.666477519910131 
347.267210530397790 
376.885190283863039 
408.640976374085994 
442.660285244512124 
479.073816160805279 
518.016857659387028 
559.628530894601568 
604.050410952492371 
651.424022206828568 
701.886124955510695 
755.559167664413735 
812.529509265006027 
872.787371955554477 
936.001826327006484 
1000.000000000000000 
0.000000000000000 
0.000000000000000 
0.000000000000000 
0.000000000000000 
0.000000000000000 
0.000000000000000 
0.000000000000000 
0.000000000000000 
0.000000000000000 
0.000000000000000 
0.000000000000000 
0.000000000000000 
0.000000000000000 
0.000000000000000 
0.000000000000000 
0.000000000000000 
0.000000000000000 
0.000000000000000 
0.000000000000000 
0.000000000000000 
0.000000000000000 
0.000000000000000 
0.000000000000000 
0.000000000000000 
0.000000000000000 
0.000000000000000 
0.000000000000000 
0.000000000000000 
0.000000000000000 
0.000000000000000 
0.000000000000000 
0.000000000000000 
0.009083916253373 
0.044525712552666 
0.088255902975250 
0.142157944691190 
0.209723120161088 
0.296347932836133 
0.413515854363306 
0.567159264374524 
0.756607124045679 
0.988987412919184 
1.275806283934129 
1.626843650499477 
2.046031659675698 
2.545947739903213 
3.137128786684853 
3.826946734461091 
4.627516269148339 
5.550482242913493 
6.607821671234973 
7.812173457893095 
9.177653128034146 
10.719594715605369 
12.454738398062542 
14.401361974396350 
16.579492091336093 
19.010021236400576 
21.715618151086176 
24.720698777089765 
28.051495674254859 
31.736124909781296 
35.804698454864493 
40.289407875388861 
45.224612336681098 
50.646947720696375 
56.595434265030796 
63.111585276556625 
70.239521034992649 
78.026087751894906 
86.520981372941932 
95.776875956267688 
105.849556293606796 
116.798054419664055 
128.684789699996202 
141.575712289918073 
155.540449888231819 
170.652457834265533 
186.989172682889915 
204.632169418628564 
223.667322426002727 
244.184970212374367 
266.280083668411862 
290.052437315800773 
315.606782460308239 
343.053020307856684 
372.506371679315635 
404.087537573812142 
437.922840770157109 
474.144331614117959 
512.889828558686418 
554.302840516375454 
598.532263205830077 
645.731620111749294 
696.057609520190908 
749.666480381724568 
806.705449441514020 
867.287942057121882 
931.402281714455057 
998.236299507986587 
0.657403404327806 
0.657403404336912 
0.657403405493295 
0.657403424241285 
0.657403553510460 
0.657404115686147 
0.657405953253538 
0.657410903007285 
0.657422499721248 
0.657446955181434 
0.657494458508336 
0.657580843749118 
0.657729670836253 
0.657974766236998 
0.658363270036673 
0.658959236925186 
0.659847839757263 
0.661140226258744 
0.662979082346175 
0.665544959769182 
0.669063431769672 
0.673813148558757 
0.680134874899973 
0.688441604911850 
0.699336223736872 
0.713362338387827 
0.731208036525448 
0.753710175776756 
0.781849691616314 
0.816770731192058 
0.859966307993780 
0.913088379957937 
0.977701894126874 
1.056185304718527 
1.150993806697821 
1.264817153215424 
1.401314975206061 
1.563618084194682 
1.755502767030229 
1.982261953778952 
2.248421842884654 
2.559731293771714 
2.922584699428008 
3.344018484860469 
3.831232947697281 
4.392501526460367 
5.036884152575451 
5.774328117415656 
6.615691942208580 
7.572716966309559 
8.658117168392426 
9.885645242456006 
11.270190679086499 
12.827829058854817 
14.575910253773015 
16.533139083015854 
18.719624005451625 
21.156836625644750 
23.867801255846576 
26.877215710702274 
30.211500678074074 
33.898946937436207 
37.969805230898814 
42.456361288021448 
47.393054274173174 
52.816587300308690 
58.766033599727137 
65.282948904211253 
72.411488094283172 
80.198526124567366 
88.693783197399284 
97.949954054664374 
108.022841175153218 
118.971491635706059 
130.858337426348243 
143.749339090114120 
157.714132661725870 
172.826179975471206 
189.162922474888859 
206.805938667074088 
225.841105311910866 
246.358762312299802 
268.453881057986393 
292.226235634085128 
317.780575759164378 
345.226799427937806 
374.680121758909706 
406.261234069911438 
440.096442983750876 
476.317772030368189 
515.062995056607974 
556.475546026924803 
600.704200320210020 
647.902318960261709 
698.226201993905761 
751.831320638004740 
808.862991317958063 
869.428500876250496 
933.482413218242300 
1000.000000000000000 
0.000000000000000 
0.000000000000000 
0.000000000000000 
0.000000000000000 
0.000000000000000 
0.000000000000000 
0.000000000000000 
0.000000000000000 
0.000000000000000 
0.000000000000000 
0.000000000000000 
0.000000000000000 
0.000000000000000 
0.000000000000000 
0.000000000000000 
0.000000000000000 
0.000000000000000 
0.000000000000000 
0.000000000000000 
0.000000000000000 
0.000000000000000 
0.000000000000000 
0.000000000000000 
0.000000000000000 
0.000000000000000 
0.000000000000000 
0.000000000000000 
0.000000000000000 
0.000000000000000 
0.000000000000000 
0.000000000000000 
0.000000000000000 
0.000000000000000 
0.034338160216490 
0.077392001240607 
0.130354062043410 
0.195818924543052 
0.279706876744215 
0.387046881299160 
0.537310389852896 
0.721015902799298 
0.947247483361844 
1.222690400935563 
1.565082694003484 
1.975223134243414 
2.461802645799822 
3.041880737591102 
3.719874060261846 
4.508054331456538 
5.417672547071502 
6.462301499234375 
7.653858537005091 
9.006585090592260 
10.535570631830229 
12.257455761747897 
14.190277492753697 
16.353646390081028 
18.769140127844672 
21.459221748601500 
24.448153549876558 
27.762050490255607 
31.428834314356600 
35.478446196619501 
39.942919640428570 
44.856430475171365 
50.255433035831871 
56.178770488829400 
62.667775428620132 
69.766379862892407 
77.521231779159933 
85.981817272174851 
95.200587755966126 
105.233091868963626 
116.138111666085592 
127.977802697289974 
140.817837634579917 
154.727553226596399 
169.780100505669253 
186.052598309917300 
203.626290279240493 
222.586705517249868 
243.023823072736405 
265.032240281997872 
288.711344820216254 
314.165490011153906 
341.504172481949240 
370.842210513659097 
402.299920235458615 
436.003284809360252 
472.084108374999460 
510.680140722874114 
551.935148430986146 
595.998889415447138 
643.026912341246998 
693.180030357196415 
746.623121282526427 
803.522453892208887 
864.039290271495702 
928.312173198886512 
996.352542431422989 
0.684472357451196 
0.684472357460202 
0.684472358603833 
0.684472377145057 
0.684472504988557 
0.684473060964161 
0.684474878265520 
0.684479773429781 
0.684491242246738 
0.684515427994299 
0.684562407419884 
0.684647839941179 
0.684795025654319 
0.685037417963041 
0.685421637056125 
0.686011031179274 
0.686889833835739 
0.688167966933330 
0.689986542763498 
0.692548792204839 
0.696066755839591 
0.700815626072499 
0.707135943982388 
0.715440343300702 
0.726224781058981 
0.740081051616215 
0.757710714991985 
0.779940577398231 
0.807739857635782 
0.842254029263642 
0.885188019271893 
0.937734165413313 
1.001649631479187 
1.079379361362543 
1.172990066087484 
1.285750604558074 
1.420776061060282 
1.581520275551604 
1.771524568175784 
1.996035912092544 
2.259624641859094 
2.567961599607004 
2.927502437571474 
3.345192119161024 
3.828142375336514 
4.384687095359578 
5.023815703688863 
5.755394706955973 
6.590271413926164 
7.540194779977814 
8.617891179565408 
9.837055181821817 
11.212548428408809 
12.760393282133780 
14.497883653867728 
16.443649310556530 
18.617763783905460 
21.041847436932365 
23.738846978349780 
26.733451064769156 
30.051894843948467 
33.722338464116767 
37.774944908322148 
42.241837748612781 
47.157294760158116 
52.557867953634933 
58.482472170115031 
64.972495131391170 
72.071912658515757 
79.827408454811163 
88.288498362605878 
97.507658996389949 
107.540460568581523 
118.445703652181166 
130.285559603975628 
143.125714413373601 
157.035515834822633 
172.088123779472483 
188.360664051325671 
205.934385585830967 
224.894821366306587 
245.331953147609909 
267.340380002819245 
291.019490516880865 
316.473638152491333 
343.812318846812445 
373.150349149754902 
404.608041989059075 
438.311375106963510 
474.392143769583470 
512.988083434461259 
554.242937619910208 
598.306427036556784 
645.334039785087271 
695.486488516221470 
748.928476513946976 
805.825950275198920 
866.339515233977068 
930.606156725513074 
998.630095501572214 
0.000000000000000 
0.000000000000000 
0.000000000000000 
0.000000000000000 
0.000000000000000 
0.000000000000000 
0.000000000000000 
0.000000000000000 
0.000000000000000 
0.000000000000000 
0.000000000000000 
0.000000000000000 
0.000000000000000 
0.000000000000000 
0.000000000000000 
0.000000000000000 
0.000000000000000 
0.000000000000000 
0.000000000000000 
0.000000000000000 
0.000000000000000 
0.000000000000000 
0.000000000000000 
0.000000000000000 
0.000000000000000 
0.000000000000000 
0.000000000000000 
0.000000000000000 
0.000000000000000 
0.000000000000000 
0.000000000000000 
0.000000000000000 
0.000000000000000 
0.025491536881195 
0.068036602326986 
0.120290835389494 
0.184451150706112 
0.265869943070005 
0.368460287957113 
0.512492500815077 
0.692031218729787 
0.913203223520860 
1.182484565230147 
1.515043213953222 
1.917696887248889 
2.396264858165663 
2.964623643203395 
3.633670704591398 
4.411587637657998 
5.311334597468648 
6.344764234231452 
7.526192646426292 
8.868593095504878 
10.387352199804562 
12.098861523317229 
14.021083185925516 
16.173471067104821 
18.577223440915738 
21.255484564191789 
24.232327945621979 
27.533601715364920 
31.187096701611658 
35.222628910132855 
39.672114062233831 
44.569634302035212 
49.951538408490912 
55.856548810899788 
62.325868782568989 
69.403293959147788 
77.135328852653430 
85.571308391586456 
94.763524391841685 
104.767356765395860 
115.641409178673683 
127.447648812949041 
140.251549880365644 
154.122240616471089 
169.132653587537760 
185.359679287012654 
202.884323114716608 
221.791865905873806 
242.172028187652813 
264.119138281879827 
287.732304239633663 
313.115589373777823 
340.378190814851678 
369.634619982939967 
401.004883013096446 
434.614657768752977 
470.595461735984657 
509.084801119084204 
550.226284566739423 
594.169672602453375 
641.070811056308116 
691.091352245480607 
744.398055281658003 
801.161199607377057 
861.550885931080074 
925.727366931085953 
993.790481129530008 
0.712130364563128 
0.712130364572148 
0.712130365717584 
0.712130384288105 
0.712130512333600 
0.712131069187661 
0.712132889360390 
0.712137792258945 
0.712149279195623 
0.712173503150589 
0.712220556776567 
0.712306124180204 
0.712453542116074 
0.712696316428254 
0.713081139939736 
0.713671458624674 
0.714551633948393 
0.715831750925214 
0.717653123983782 
0.720194556463407 
0.723679414858281 
0.728383586150159 
0.734644396021520 
0.742870577502872 
0.753553393330609 
0.767279029887494 
0.784742393861951 
0.806762450997294 
0.834299244100785 
0.868790255595718 
0.911375296143483 
0.963495229704363 
1.026950562474630 
1.104132818538379 
1.196947657891247 
1.309034067606240 
1.442858172585341 
1.602491971941689 
1.791183888871648 
2.014017688812813 
2.275775982583003 
2.581959162834682 
2.938970244377911 
3.353888339304379 
3.833748658067242 
4.386765483341960 
5.021986819815675 
5.749246785773269 
6.579304491287314 
7.523926100816444 
8.595825147813983 
9.808736447030579 
11.177458015040548 
12.717996142238487 
14.447608536046303 
16.384888939155793 
18.549900263790335 
20.964306419777099 
23.651164173465801 
26.634863923611633 
29.941629569607798 
33.599553345125244 
37.638688451637478 
42.091106952085909 
46.991012931176506 
52.374856461517751 
58.281440816635069 
64.752033790984612 
71.830483100226630 
79.563335917549637 
87.999962670564514 
97.192685148375674 
107.196908852079730 
118.071259414468472 
129.877722848630299 
142.681789378384337 
156.552600656536640 
171.563100273000344 
187.790187565361919 
205.314874838898248 
224.222448156763562 
244.602631859357416 
266.549756907633764 
290.162933011610335 
315.546224286444613 
342.808827836462683 
372.065254128140793 
403.435507143047175 
437.045260871183586 
473.026026316739376 
511.515299135956468 
552.656670994162482 
596.599875108078550 
643.500713169562687 
693.520765223258422 
746.826667792294302 
803.588481310050270 
863.975880809600767 
928.148173007070000 
996.201372173725531 
